4.374539
4.3976927
4.419959
4.4423084
4.46536
4.4900603
4.513937
4.5383334
4.5634933
4.5912294
4.616661
4.642651
4.672102
4.697057
4.7254553
4.7526627
4.783866
4.8135424
4.8445053
4.873803
4.90531
4.936515
4.9693894
5.0017605
5.0374002
5.0739727
5.107286
5.143199
5.1800838
5.2149844
5.252344
5.2906394
5.330304
5.372259
5.4170885
5.460439
5.503512
5.5518823
5.5965166
5.6427054
5.6912417
5.744973
5.795574
5.8440022
5.89654
5.950023
6.0047827
6.06543
6.1218553
6.185166
6.249335
6.318447
6.387261
6.458151
6.5317526
6.599338
6.6810694
6.7570467
6.839812
6.91843
7.016458
7.102358
7.202279
7.302849
7.3989167
7.5083427
7.617562
7.736468
7.861238
7.9851804
8.133258
8.261994
8.423647
8.570258
8.739152
8.921988
9.114617
9.330539
9.542225
9.792983
10.058347
10.324402
10.59953
10.913399
11.222122
11.526295
11.849006
12.203892
12.546427
12.957149
13.41347
13.905353
14.502804
15.236428
16.041416
17.229368
18.625916
20.65014
24.003181
