4.434524
4.4629607
4.492476
4.52164
4.553628
4.5830235
4.6141596
4.6451054
4.6752224
4.706702
4.7402215
4.771695
4.806059
4.8454347
4.880328
4.9160237
4.956211
4.991474
5.027922
5.0699925
5.1067677
5.145769
5.1824393
5.2208395
5.2589984
5.29965
5.3422065
5.3826423
5.424729
5.469076
5.5120606
5.56317
5.6080956
5.6525674
5.6965294
5.747051
5.79881
5.844446
5.8927817
5.9441495
6.0016003
6.0611806
6.1148143
6.175568
6.235788
6.294926
6.356665
6.42157
6.48845
6.553464
6.62136
6.693897
6.77308
6.845966
6.9243984
7.0134296
7.0873084
7.1779375
7.2662597
7.3573546
7.445228
7.5490904
7.6537566
7.7630553
7.873004
7.9851804
8.117536
8.230424
8.382239
8.50384
8.654377
8.820601
8.978954
9.148337
9.334626
9.522443
9.728566
9.967216
10.179547
10.448711
10.714305
10.966826
11.222122
11.488042
11.754426
12.065931
12.372309
12.661032
13.065831
13.473522
13.922415
14.451876
15.058683
15.723555
16.643753
17.785963
19.280596
21.165073
24.354574
