4.374539
4.3976927
4.419959
4.4423084
4.46536
4.490015
4.513937
4.53836
4.5634933
4.590567
4.616537
4.641857
4.66988
4.695978
4.7241206
4.7511525
4.781233
4.8106136
4.8424664
4.871155
4.9027553
4.9350743
4.966723
4.998893
5.033355
5.0699925
5.1058497
5.1412425
5.1757607
5.212688
5.250171
5.289296
5.3285713
5.370024
5.414231
5.458845
5.5021133
5.5480213
5.5941486
5.641312
5.6884074
5.7377944
5.7876105
5.8368015
5.890599
5.9432864
5.9988194
6.0565605
6.113135
6.174599
6.240687
6.3053384
6.374586
6.4436374
6.518883
6.589506
6.6612606
6.740286
6.8206525
6.903044
6.990515
7.08011
7.17869
7.274873
7.3736424
7.4805446
7.5922146
7.706649
7.8368483
7.964582
8.105208
8.239791
8.398575
8.541528
8.716085
8.895156
9.088097
9.308341
9.516359
9.767452
10.033976
10.308307
10.583281
10.887703
11.199933
11.51117
11.826594
12.187844
12.538485
12.942371
13.382518
13.891884
14.456452
15.1570215
15.99761
17.16865
18.609903
20.636642
24.028574
