4.3743854
4.397729
4.4200206
4.4425197
4.4660783
4.4900603
4.5143194
4.539048
4.5636888
4.5911093
4.616661
4.6420317
4.6701875
4.696222
4.7247725
4.7511525
4.781233
4.8123527
4.8425174
4.8717504
4.9035378
4.935147
4.9666786
4.9978423
5.032832
5.0674477
5.1048493
5.139863
5.175076
5.212455
5.250101
5.289296
5.3285713
5.370024
5.414433
5.4601264
5.5021133
5.5480933
5.5949674
5.6413145
5.6884074
5.7396383
5.789595
5.838466
5.89165
5.943706
6.0009394
6.0611806
6.1148143
6.175568
6.2407904
6.307816
6.3769145
6.444913
6.5204825
6.590136
6.662355
6.742413
6.8239813
6.905799
6.9924984
7.0805445
7.1779375
7.274873
7.3767056
7.4805446
7.5922146
7.706649
7.835334
7.9648547
8.105208
8.239791
8.402615
8.5503025
8.721836
8.900244
9.094422
9.309885
9.525298
9.781661
10.032313
10.303187
10.578235
10.887703
11.184188
11.508197
11.826594
12.187844
12.538485
12.933124
13.371675
13.891884
14.456452
15.171623
16.015284
17.169123
18.620895
20.630451
24.002666
