4.4659433
4.507023
4.5403547
4.5723805
4.6069417
4.6413326
4.674171
4.7050247
4.739752
4.7713947
4.8089256
4.8469205
4.8879585
4.9219956
4.96053
4.997152
5.0370793
5.076321
5.1129045
5.15324
5.1868706
5.2285223
5.265829
5.305318
5.347635
5.3910975
5.4301114
5.4731827
5.519557
5.565086
5.6094966
5.6535463
5.6976895
5.747051
5.795574
5.8418508
5.89165
5.941892
5.9960513
6.049319
6.102506
6.1624656
6.221621
6.279691
6.338486
6.4004126
6.463656
6.530896
6.594614
6.6663194
6.7387977
6.8061996
6.883121
6.9591966
7.0456147
7.1249194
7.2074265
7.2998257
7.3834887
7.480486
7.5780363
7.6796126
7.7839513
7.898538
8.002638
8.133258
8.242977
8.385651
8.504375
8.648144
8.811929
8.960846
9.119806
9.308341
9.476503
9.673844
9.8961
10.122369
10.362724
10.593385
10.866417
11.111484
11.35538
11.629752
11.891363
12.189414
12.503144
12.802084
13.199693
13.626556
14.052819
14.562476
15.210297
15.933956
16.89944
17.960173
19.428503
21.255186
24.455666
