4.4087524
4.435137
4.4624023
4.490015
4.5175815
4.55015
4.5781636
4.608583
4.640899
4.672315
4.7007055
4.733237
4.7657213
4.7965417
4.8330765
4.867273
4.9038196
4.940861
4.9770055
5.0131764
5.0519934
5.0874424
5.1261597
5.162965
5.202662
5.245722
5.282078
5.323677
5.364673
5.4070687
5.4536033
5.49457
5.543567
5.5870595
5.6366134
5.6847587
5.731469
5.7810135
5.8328586
5.8842535
5.932173
5.991244
6.0468187
6.1027446
6.1672845
6.2275553
6.28574
6.3515058
6.4171147
6.481218
6.5521092
6.6175885
6.6925387
6.7759767
6.84644
6.92857
7.01878
7.0918145
7.1847067
7.275211
7.366726
7.4703684
7.5685463
7.6765327
7.788137
7.905879
8.017174
8.147301
8.277336
8.423647
8.553446
8.710277
8.870381
9.053434
9.232322
9.421625
9.626997
9.859568
10.081522
10.324402
10.572426
10.864708
11.128639
11.405574
11.662496
11.968277
12.257227
12.587965
12.995542
13.373795
13.849724
14.354955
15.00756
15.644419
16.540142
17.67396
19.119747
21.047243
24.3
