4.374113
4.3966336
4.419959
4.4423084
4.4660783
4.4903426
4.51515
4.539468
4.5636888
4.591083
4.616661
4.642651
4.672102
4.696626
4.7258377
4.752369
4.7835374
4.8133354
4.8440475
4.8727016
4.9050903
4.936515
4.96902
5.000672
5.034791
5.0703526
5.1067204
5.142172
5.1779566
5.214002
5.252344
5.2907805
5.330999
5.372259
5.415949
5.4604645
5.5026574
5.5518823
5.599802
5.641949
5.689086
5.741244
5.7920346
5.8402934
5.8922834
5.9441495
6.0016003
6.0620565
6.117931
6.1779137
6.2439995
6.31132
6.3807855
6.4507885
6.524796
6.5919433
6.6679063
6.7451143
6.8267584
6.906697
6.9932146
7.0826488
7.1788154
7.275211
7.3772845
7.4833283
7.5925508
7.7074966
7.835334
7.9648547
8.105686
8.242211
8.403694
8.553446
8.732968
8.908438
9.100156
9.326388
9.538584
9.792983
10.042108
10.320884
10.596918
10.909135
11.208174
11.521291
11.838926
12.197116
12.546713
12.942371
13.407902
13.912087
14.510578
15.236428
16.048903
17.24597
18.650713
20.66025
24.032322
