4.376154
4.3994823
4.4215703
4.443741
4.4670486
4.4932504
4.516049
4.541903
4.5658836
4.595661
4.6212893
4.647634
4.674165
4.7028008
4.72959
4.758706
4.7893486
4.8185987
4.8496003
4.8814173
4.912065
4.944357
4.9775743
5.0131764
5.0486507
5.084292
5.1191273
5.155254
5.1903596
5.2290363
5.268812
5.305489
5.345444
5.388877
5.43178
5.4738393
5.517397
5.5668364
5.613644
5.665182
5.713561
5.764026
5.809933
5.862656
5.9191084
5.975883
6.032473
6.091394
6.1525316
6.218519
6.2818565
6.348221
6.4191275
6.487268
6.5549865
6.6341677
6.712264
6.7908745
6.87247
6.9500628
7.049505
7.1418223
7.239203
7.326653
7.4317436
7.543783
7.657287
7.780838
7.912795
8.030102
8.174848
8.31563
8.469117
8.623532
8.806297
8.982029
9.184674
9.398476
9.608156
9.85574
10.10481
10.391024
10.672713
10.975941
11.258226
11.574441
11.882648
12.2235985
12.556688
12.995542
13.429867
13.914837
14.52032
15.236428
16.048903
17.241446
18.656391
20.65014
23.850014
