1238170292.5 0.5 0.5
1238189313.66 0.34375 0.5
1238193202.66 0.34375 0.5
1238193454.16 0.34375 0.5
1238193899.78 0.21875 0.5
1238200190.59 0.40625 0.5
1238205824.34 0.34375 0.5
1238228888.59 0.40625 0.5
1238249302.94 0.0625 0.5
1238271994.53 0.34375 0.5
1238277332.97 0.34375 0.5
1238277418.41 0.59375 0.5
1238312537.38 0.625 0.5
1238322282.16 0.34375 0.5
1238336151.53 0.34375 0.5
1238338169.34 0.34375 0.5
1238346385.41 0.59375 0.5
1238360642.34 0.65625 0.5
1238392429.81 0.375 0.5
1238426684.41 0.59375 0.5
1238432464.56 0.4375 0.5
1238444728.09 0.34375 0.5
1238492232.72 0.28125 0.5
1238505926.16 0.34375 0.5
1238507835.28 0.34375 0.5
1238517743.69 0.3125 0.5
1238535883.47 0.53125 0.5
1238549141.16 0.34375 0.5
1238559356.34 0.34375 0.5
1238566642.09 0.34375 0.5
1238572050.03 0.34375 0.5
1238574290.34 0.34375 0.5
1238580121.16 0.34375 0.5
1238588142.72 0.34375 0.5
1238594243.59 0.34375 0.5
1238597122.72 0.28125 0.5
1238620465.34 0.65625 0.5
1238649459.03 0.34375 0.5
1238653817.09 0.34375 0.5
1238656537.97 0.34375 0.5
1238664060.97 0.34375 0.5
1238669204.84 0.34375 0.5
1238672986.53 0.34375 0.5
1238674277.41 0.59375 0.5
1238677892.66 0.34375 0.5
1238700195.66 0.34375 0.5
1238702213.75 0.25 0.5
1238719750.97 0.34375 0.5
1238720316.03 0.34375 0.5
1238728031.66 0.34375 0.5
1238733902.28 0.34375 0.5
1238787956.78 0.21875 0.5
1238798807.56 0.4375 0.5
1238823803.53 0.34375 0.5
1238823804.53 0.34375 0.5
1238839071.72 0.34375 0.5
1238854174.47 0.53125 0.5
1238881751.78 0.21875 0.5
1238889366.66 0.34375 0.5
1238893939.25 0.375 0.5
1238893959.56 0.4375 0.5
1238953920.5 0.5 0.5
1239009239.62 0.375 0.5
1239029008.28 0.71875 0.5
1239038232.41 0.34375 0.5
1239045652.62 0.375 0.5
1239045746.34 0.34375 0.5
1239045833.72 0.34375 0.5
1239045878.16 0.34375 0.5
1239045917.38 0.375 0.5
1239046120.47 0.34375 0.5
1239046146.94 0.375 0.5
1239046147.94 0.375 0.5
1239046148.97 0.34375 0.5
1239046157.78 0.34375 0.5
1239046159.31 0.375 0.5
1239046160.72 0.34375 0.5
1239046162.31 0.375 0.5
1239046163.88 0.375 0.5
1239046165.28 0.34375 0.5
1239046166.69 0.375 0.5
1239046168.22 0.34375 0.5
1239046170.16 0.84375 0.5
1239062424.34 0.34375 0.5
1239069074.34 0.34375 0.5
1239070213.47 0.34375 0.5
1239081357.03 0.34375 0.5
1239087275.97 0.34375 0.5
1239091747.81 0.375 0.5
1239101137.84 0.34375 0.5
1239106593.81 0.1875 0.5
1239146846.84 0.34375 0.5
1239168502.59 0.34375 0.5
1239179289.22 0.34375 0.5
1239189040.31 0.6875 0.5
1239221067.44 0.5625 0.5
1239483769.5 0.5 0.5
1239516812.47 0.34375 0.5
1239539281.09 0.34375 0.5
1239555851.78 0.34375 0.5
1239555856.22 0.34375 0.5
1239578135.34 0.65625 0.5
1239583847.38 0.625 0.5
1239596604.97 0.34375 0.5
1239599736.78 0.21875 0.5
1239618317.03 0.34375 0.5
1239619807.66 0.34375 0.5
1239639795.34 0.34375 0.5
1239641384.66 0.34375 0.5
1239692078.31 0.6875 0.5
1239725752.81 0.75 0.5
1239725762.66 1.15625 0.5
1239725767.34 0.53125 0.5
1239725769.38 0.9375 0.5
1239725771.59 0.71875 0.5
1239725772.88 0.375 0.5
1239725773.78 0.34375 0.5
1239725783.09 0.34375 0.5
1239725784.75 0.375 0.5
1239725786.28 0.34375 0.5
1239725787.06 0.375 0.5
1239725806.38 0.75 0.5
1239725807.56 0.375 0.5
1239725808.41 0.34375 0.5
1239725809.16 0.34375 0.5
1239725810.66 0.53125 0.5
1239725812.34 0.53125 0.5
1239725821.94 0.8125 0.5
1239725824.0 1.125 0.5
1239725829.25 0.75 0.5
1239725839.84 0.34375 0.5
1239725848.81 0.75 0.5
1239725850.06 0.375 0.5
1239725861.28 1.40625 0.5
1239725863.81 0.9375 0.5
1239725865.66 0.34375 0.5
1239725866.72 0.40625 0.5
1239725877.62 0.4375 0.5
1239725889.81 0.625 0.5
1239725890.94 0.375 0.5
1239725891.72 0.34375 0.5
1239725893.38 0.375 0.5
1239725894.34 0.46875 0.5
1239725895.97 1.03125 0.5
1239725901.56 0.75 0.5
1239725903.56 1.125 0.5
1239725905.25 0.375 0.5
1239725906.59 0.65625 0.5
1239725909.25 0.4375 0.5
1239725918.59 0.34375 0.5
1239725920.31 0.375 0.5
1239725921.25 0.5 0.5
1239725923.41 1.34375 0.5
1239725926.44 1.25 0.5
1239725928.66 0.34375 0.5
1239725929.72 0.34375 0.5
1239725933.84 0.34375 0.5
1239725941.16 0.78125 0.5
1239725943.0 0.5 0.5
1239725944.81 0.375 0.5
1239725946.47 0.34375 0.5
1239725948.31 0.75 0.5
1239725955.75 0.375 0.5
1239725960.41 0.34375 0.5
1239725962.81 0.4375 0.5
1239725964.78 1.46875 0.5
1239725966.75 0.375 0.5
1239725967.91 0.65625 0.5
1239725975.88 0.75 0.5
1239725977.97 1.03125 0.5
1239725982.41 0.34375 0.5
1239725985.75 0.375 0.5
1239725986.78 0.34375 0.5
1239725991.38 0.375 0.5
1239725992.66 0.34375 0.5
1239725994.0 0.625 0.5
1239725998.66 0.34375 0.5
1239726000.0 0.375 0.5
1239726002.34 0.34375 0.5
1239726015.5 0.75 0.5
1239726017.16 0.34375 0.5
1239726018.22 0.34375 0.5
1239726020.44 0.375 0.5
1239726025.34 0.34375 0.5
1239726029.91 0.34375 0.5
1239726039.56 0.375 0.5
1239726050.56 0.375 0.5
1239733827.28 0.34375 0.5
1239734704.41 0.34375 0.5
1239743875.44 0.375 0.5
1239750582.16 0.34375 0.5
1239754063.59 0.34375 0.5
1239758858.22 0.34375 0.5
1239762095.34 0.65625 0.5
1239787213.53 0.34375 0.5
1239787727.16 0.34375 0.5
1239805968.78 0.34375 0.5
1239806990.41 0.59375 0.5
1239817719.78 0.21875 0.5
1239856937.59 0.34375 0.5
1239926067.5 0.5 0.5
1239960510.75 0.375 0.5
1239964150.75 0.25 0.5
1239980490.56 0.4375 0.5
1239991143.31 0.6875 0.5
1240000763.44 0.5625 0.5
1240005955.41 0.59375 0.5
1240023889.03 0.34375 0.5
1240023890.41 0.59375 0.5
1240035704.84 0.34375 0.5
1240036767.72 0.28125 0.5
1240061300.47 0.53125 0.5
1240080104.97 0.34375 0.5
1240089993.53 0.46875 0.5
1240119902.28 0.34375 0.5
1240167395.97 0.34375 0.5
1240178837.91 0.34375 0.5
1240215704.22 0.34375 0.5
1240230165.25 0.375 0.5
1240268063.28 0.34375 0.5
1240277614.09 0.34375 0.5
1240284924.03 0.34375 0.5
1240293150.91 0.34375 0.5
1240310017.03 0.34375 0.5
1240349088.97 0.34375 0.5
1240351055.34 0.34375 0.5
1240352293.66 0.34375 0.5
1240392341.72 0.34375 0.5
1240420834.53 0.34375 0.5
1240422751.97 0.34375 0.5
1240460306.97 0.34375 0.5
1240473006.53 0.46875 0.5
1240509082.72 0.34375 0.5
1240521886.91 0.34375 0.5
1240531691.91 0.34375 0.5
1240534096.78 0.21875 0.5
1240543298.41 0.59375 0.5
1240551329.41 0.34375 0.5
1240555623.25 0.375 0.5
1240587499.16 0.34375 0.5
1240587615.47 0.53125 0.5
1240598611.72 0.34375 0.5
1240606969.88 0.125 0.5
1240637259.22 0.34375 0.5
1240652776.97 0.34375 0.5
1240654293.53 0.34375 0.5
1240654375.75 0.25 0.5
1240669472.94 0.0625 0.5
1240694424.66 0.34375 0.5
1240698421.53 0.46875 0.5
1240714031.16 0.34375 0.5
1240730295.53 0.34375 0.5
1240732080.34 0.34375 0.5
1240735665.44 0.5625 0.5
1240739913.78 0.34375 0.5
1240748213.47 0.34375 0.5
1240749004.34 0.65625 0.5
1240759616.91 0.34375 0.5
1240780591.47 0.34375 0.5
1240823641.22 0.34375 0.5
1240832481.44 0.5625 0.5
1240851509.47 0.34375 0.5
1240865921.34 0.65625 0.5
1240906094.78 0.34375 0.5
1240906996.69 0.3125 0.5
1240918864.81 0.375 0.5
1240937574.09 0.34375 0.5
1240948613.41 0.34375 0.5
1240951232.66 0.34375 0.5
1240974993.34 0.34375 0.5
1241005705.34 0.65625 0.5
1241013090.47 0.34375 0.5
1241017552.66 0.34375 0.5
1241023183.91 0.34375 0.5
1241033768.78 0.21875 0.5
1241046545.41 0.34375 0.5
1241092249.97 0.34375 0.5
1241104711.34 0.34375 0.5
1241120760.28 0.34375 0.5
1241130366.34 0.34375 0.5
1241142313.03 0.34375 0.5
1241150820.75 0.375 0.5
1241157016.72 0.34375 0.5
1241173826.69 0.3125 0.5
1241214072.31 0.6875 0.5
1241230502.97 0.34375 0.5
1241233643.44 0.5625 0.5
1241270833.53 0.34375 0.5
1241272344.72 0.34375 0.5
1241274983.66 0.34375 0.5
1241275322.5 0.5 0.5
1241324743.75 0.375 0.5
1241342412.22 0.34375 0.5
1241347360.53 0.34375 0.5
1241350781.97 0.34375 0.5
1241352672.59 0.40625 0.5
1241420059.09 0.34375 0.5
1241427059.97 0.34375 0.5
1241430521.72 0.34375 0.5
1241440174.25 0.375 0.5
1241454582.5 0.5 0.5
1241479790.47 0.53125 0.5
1241495461.75 0.25 0.5
1241522593.16 0.34375 0.5
1241525426.34 0.65625 0.5
1241538915.41 0.59375 0.5
1241594338.31 0.6875 0.5
1241616523.59 0.40625 0.5
1241623081.91 0.34375 0.5
1241643867.81 0.375 0.5
1241677958.97 0.34375 0.5
1241720605.09 0.34375 0.5
1241724619.62 0.375 0.5
1241732955.16 0.34375 0.5
1241739853.09 0.34375 0.5
1241750627.91 0.34375 0.5
1241780605.5 0.5 0.5
1241785899.09 0.34375 0.5
1241800052.53 0.34375 0.5
1241809948.34 0.34375 0.5
1241818106.56 0.4375 0.5
1241826831.59 0.34375 0.5
1241827170.31 0.6875 0.5
1241841942.34 0.34375 0.5
1241851290.91 0.34375 0.5
1241875150.53 0.46875 0.5
1241898903.41 0.59375 0.5
1241908135.16 0.34375 0.5
1241908138.53 0.34375 0.5
1241920629.44 0.375 0.5
1241922174.16 0.34375 0.5
1241935487.66 0.34375 0.5
1241936858.31 0.6875 0.5
1241941494.59 0.34375 0.5
1241942320.34 0.34375 0.5
1241969538.31 0.375 0.5
1241993477.34 0.65625 0.5
1242040781.75 0.25 0.5
1242059205.65625 0.34375 0.5
1242078156.96875 0.34375 0.5
1242079003.28125 0.34375 0.5
1242084153.84375 0.15625 0.5
1242153102.34375 0.65625 0.5
1242160666.25 0.75 0.5
1242190238.59375 0.34375 0.5
1242191274.15625 0.34375 0.5
1242200537.84375 0.34375 0.5
1242220010.75 0.25 0.5
1242255608.375 0.625 0.5
1242258585.65625 0.34375 0.5
1242259176.96875 0.34375 0.5
1242267569.8125 0.1875 0.5
1242300705.65625 0.34375 0.5
1242308420.03125 0.34375 0.5
1242316395.5625 0.4375 0.5
1242353508.84375 0.34375 0.5
1242367742.96875 0.34375 0.5
1242389441.40625 0.46875 0.5
1242414394.09375 0.34375 0.5
1242435411.96875 0.34375 0.5
1242461353.96875 0.34375 0.5
1242478466.4375 0.375 0.5
1242507245.53125 0.34375 0.5
1242572150.625 0.5 0.5
1242611437.875 0.375 0.5
1242617961.90625 0.34375 0.5
1242638613.625 0.375 0.5
1242677357.96875 0.34375 0.5
1242687269.75 0.25 0.5
1242702351.71875 0.34375 0.5
1242733670.75 0.375 0.5
1242751740.09375 0.34375 0.5
1242769852.03125 0.34375 0.5
1242773440.03125 0.34375 0.5
1242782948.78125 0.21875 0.5
1242804306.8125 0.375 0.5
1242807943.40625 0.34375 0.5
1242834482.9375 0.375 0.5
1242848592.84375 0.34375 0.5
1242869862.40625 0.34375 0.5
1242870286.65625 0.34375 0.5
1242873874.21875 0.34375 0.5
1242884004.0625 0.375 0.5
1242889305.15625 0.34375 0.5
1242892132.65625 0.34375 0.5
1242930172.65625 0.34375 0.5
1242938654.96875 0.34375 0.5
1242946733.34375 0.34375 0.5
1242956842.84375 0.34375 0.5
1242987755.53125 0.46875 0.5
1243024192.03125 0.34375 0.5
1243066761.78 0.21875 0.5
1243120103.22 0.34375 0.5
1243126850.53 0.34375 0.5
1243131024.41 0.34375 0.5
1243151996.53 0.34375 0.5
1243157705.69 0.375 0.5
1243158575.31 0.6875 0.5
1243171637.0 0.375 0.5
1243184737.0 0.375 0.5
1243226415.78 0.34375 0.5
1243237468.53 0.34375 0.5
1243242471.81 0.1875 0.5
1243257061.03 0.34375 0.5
1243269178.66 0.34375 0.5
1243283796.66 0.34375 0.5
1243304387.28 0.34375 0.5
1243315838.03 0.34375 0.5
1243339338.53 0.46875 0.5
1243345365.72 0.34375 0.5
1243368448.56 0.4375 0.5
1243381521.03 0.34375 0.5
1243396328.97 0.34375 0.5
1243411093.41 0.34375 0.5
1243444983.84 0.34375 0.5
1243450025.03 0.34375 0.5
1243474647.78 0.34375 0.5
1243476690.44 0.375 0.5
1243498359.66 0.34375 0.5
1243510033.41 0.59375 0.5
1243536272.59 0.40625 0.5
1243544803.09 0.34375 0.5
1243575425.59 0.40625 0.5
1243593038.19 0.375 0.5
1243597187.62 0.375 0.5
1243599758.03 0.34375 0.5
1243600789.59 0.34375 0.5
1243620098.47 0.34375 0.5
1243642019.72 0.28125 0.5
1243649661.84 0.34375 0.5
1243656454.03 0.34375 0.5
1243669567.22 0.34375 0.5
1243681694.22 0.34375 0.5
1243688739.16 0.34375 0.5
1243693377.88 0.125 0.5
1243769180.84 0.34375 0.5
1243778934.22 0.34375 0.5
1243790563.56 0.625 0.5
1243792461.53 0.46875 0.5
1243805596.41 0.34375 0.5
1243808493.28 0.71875 0.5
1243819358.44 0.5625 0.5
1243841786.41 0.34375 0.5
1243855871.66 0.34375 0.5
1243866683.62 0.375 0.5
1243887180.53 0.34375 0.5
1243911251.62 0.375 0.5
1243917581.22 0.40625 0.5
1243919467.03 0.34375 0.5
1243922711.47 0.34375 0.5
1243932801.91 0.34375 0.5
1243944822.66 0.34375 0.5
1243947890.28 0.34375 0.5
1243966904.78 0.34375 0.5
1243991842.16 0.34375 0.5
1244012668.91 0.34375 0.5
1244024284.22 0.34375 0.5
1244039752.28 0.34375 0.5
1244052895.75 0.25 0.5
1244062564.09 0.34375 0.5
1244064956.72 0.28125 0.5
1244076496.78 0.34375 0.5
1244098426.75 0.25 0.5
1244107297.97 0.34375 0.5
1244152539.44 0.375 0.5
1244173540.72 0.34375 0.5
1244176171.81 0.375 0.5
1244207827.47 0.34375 0.5
1244208892.38 0.625 0.5
1244221952.41 0.34375 0.5
1244223102.66 0.34375 0.5
1244234979.19 0.375 0.5
1244241299.84 0.34375 0.5
1244254802.72 0.28125 0.5
1244261722.47 0.34375 0.5
1244262915.22 0.46875 0.5
1244327472.59 0.34375 0.5
1244350425.97 0.34375 0.5
1244355481.91 0.34375 0.5
1244371995.59 0.34375 0.5
1244374624.28 0.34375 0.5
1244385539.72 0.34375 0.5
1244406728.19 0.4375 0.5
1244428304.97 0.34375 0.5
1244428436.22 0.34375 0.5
1244439738.06 0.375 0.5
1244444805.09 0.34375 0.5
1244450301.97 0.34375 0.5
1244458918.62 0.375 0.5
1244480936.97 0.34375 0.5
1244507922.72 0.28125 0.5
1244523165.41 0.34375 0.5
1244533390.53 0.40625 0.5
1244563552.47 0.34375 0.5
1244576835.22 0.34375 0.5
1244587519.09 0.34375 0.5
1244605928.38 0.625 0.5
1244621015.16 0.34375 0.5
1244623569.38 0.375 0.5
1244643610.41 0.34375 0.5
1244654051.69 0.4375 0.5
1244657466.78 0.34375 0.5
1244662277.03 0.34375 0.5
1244672025.38 0.375 0.5
1244674328.62 0.375 0.5
1244700940.44 0.5625 0.5
1244728385.47 0.34375 0.5
1244732346.78 0.34375 0.5
1244734425.22 0.34375 0.5
1244738615.09 0.34375 0.5
1244760150.31 0.6875 0.5
1244769790.69 0.3125 0.5
1244775470.72 0.34375 0.5
1244775598.12 0.375 0.5
1244789982.75 0.25 0.5
1244812197.5 0.5 0.5
1244817656.41 0.34375 0.5
1244822589.56 0.4375 0.5
1244836560.66 0.34375 0.5
1244857518.97 0.34375 0.5
1244859593.47 0.53125 0.5
1244862982.22 0.34375 0.5
1244863889.72 0.28125 0.5
1244889245.66 0.34375 0.5
1244900830.25 0.75 0.5
1244934108.78 0.34375 0.5
1244934364.66 0.34375 0.5
1244946701.09 0.34375 0.5
1244948438.66 0.34375 0.5
1244952641.31 0.6875 0.5
1245003962.56 0.4375 0.5
1245033453.41 0.34375 0.5
1245033783.41 0.34375 0.5
1245040901.94 0.375 0.5
1245056006.5 0.5 0.5
1245072351.62 0.375 0.5
1245072352.47 0.34375 0.5
1245080933.03 0.34375 0.5
1245098166.47 0.34375 0.5
1245102829.88 0.625 0.5
1245118480.28 0.34375 0.5
1245125277.91 0.34375 0.5
1245126520.31 0.6875 0.5
1245132314.28 0.34375 0.5
1245136779.41 0.34375 0.5
1245144669.81 0.1875 0.5
1245155154.12 0.375 0.5
1245162623.59 0.34375 0.5
1245172303.41 0.34375 0.5
1245180963.53 0.34375 0.5
1245209927.34 0.34375 0.5
1245220573.72 0.34375 0.5
1245225042.31 0.375 0.5
1245228472.75 0.25 0.5
1245244437.62 0.375 0.5
1245263570.09 0.34375 0.5
1245278953.41 0.59375 0.5
1245296224.5 0.5 0.5
1245323963.84 0.34375 0.5
1245329040.41 0.59375 0.5
1245347248.22 0.34375 0.5
1245347528.72 0.34375 0.5
1245352799.59 0.34375 0.5
1245357700.84 0.34375 0.5
1245364559.88 0.375 0.5
1245368803.03 0.34375 0.5
1245369084.47 0.53125 0.5
1245406293.22 0.34375 0.5
1245406791.56 0.4375 0.5
1245414543.5 0.5 0.5
1245454436.31 0.375 0.5
1245479843.22 0.34375 0.5
1245490525.44 0.5625 0.5
1245549771.94 0.625 0.5
1245551891.88 0.125 0.5
1245600615.34 0.34375 0.5
1245604855.84 0.34375 0.5
1245637315.16 0.34375 0.5
1245661233.47 0.34375 0.5
1245663331.97 0.34375 0.5
1245671992.69 0.3125 0.5
1245719360.53 0.34375 0.5
1245727331.91 0.34375 0.5
1245743180.28 0.34375 0.5
1245751563.03 0.34375 0.5
1245752992.47 0.34375 0.5
1245760953.53 0.34375 0.5
1245774007.75 0.25 0.5
1245787238.16 0.34375 0.5
1245792656.81 0.1875 0.5
1245809326.41 0.59375 0.5
1245824947.72 0.28125 0.5
1245829104.09 0.34375 0.5
1245838271.81 0.375 0.5
1245872653.22 0.34375 0.5
1245879060.28 0.34375 0.5
1245889863.59 0.34375 0.5
1245892055.84 0.34375 0.5
1245901702.78 0.21875 0.5
1245914546.84 0.34375 0.5
1245950797.06 0.375 0.5
1245951014.41 0.34375 0.5
1245960737.03 0.34375 0.5
1245967264.41 0.34375 0.5
1245982359.78 0.34375 0.5
1245983099.03 0.34375 0.5
1246004979.78 0.34375 0.5
1246006359.34 0.34375 0.5
1246019614.97 0.34375 0.5
1246037110.78 0.34375 0.5
1246083000.28 0.34375 0.5
1246094346.84 0.34375 0.5
1246099187.59 0.34375 0.5
1246111532.88 0.375 0.5
1246144626.09 0.34375 0.5
1246145669.72 0.34375 0.5
1246165570.59 0.40625 0.5
1246176076.25 0.375 0.5
1246210676.38 0.375 0.5
1246212503.66 0.34375 0.5
1246215678.69 0.5 0.5
1246215679.59 0.34375 0.5
1246239825.91 0.34375 0.5
1246246023.28 0.34375 0.5
1246250006.91 0.34375 0.5
1246250393.59 0.40625 0.5
1246262753.59 0.34375 0.5
1246282705.56 0.4375 0.5
1246297167.47 0.53125 0.5
1246311661.34 0.40625 0.5
1246341564.34 0.34375 0.5
1246360735.5 0.5 0.5
1246367977.69 0.3125 0.5
1246401110.72 0.34375 0.5
1246407329.41 0.34375 0.5
1246416679.22 0.34375 0.5
1246418725.47 0.53125 0.5
1246469621.66 0.34375 0.5
1246471688.28 0.34375 0.5
1246478313.59 0.34375 0.5
1246512137.59 0.34375 0.5
1246525368.53 0.34375 0.5
1246527735.22 0.34375 0.5
1246545917.38 0.625 0.5
1246548713.66 0.34375 0.5
1246561568.59 0.34375 0.5
1246571787.16 0.34375 0.5
1246580438.66 0.34375 0.5
1246588988.31 0.6875 0.5
1246600106.34 0.34375 0.5
1246616382.97 0.34375 0.5
1246646575.78 0.21875 0.5
1246664805.47 0.34375 0.5
1246666050.97 0.34375 0.5
1246668647.22 0.34375 0.5
1246669946.16 0.34375 0.5
1246680165.91 0.34375 0.5
1246703640.0 1.0 0.5
1246754213.78 0.21875 0.5
1246768017.09 0.34375 0.5
1246792206.84 0.34375 0.5
1246801081.78 0.59375 0.5
1246802023.34 0.34375 0.5
1246804347.44 0.375 0.5
1246806227.28 0.34375 0.5
1246812416.25 0.75 0.5
1246830838.47 0.34375 0.5
1246835938.59 0.34375 0.5
1246845111.34 0.34375 0.5
1246848764.34 0.34375 0.5
1246859257.34 0.65625 0.5
1246888682.72 0.34375 0.5
1246919875.84 0.34375 0.5
1246929475.47 0.34375 0.5
1246938608.56 0.4375 0.5
1247285057.44 0.5625 0.5
1247321411.44 0.5625 0.5
1247343222.97 0.34375 0.5
1247343502.16 0.34375 0.5
1247348163.38 0.625 0.5
1247367014.72 0.34375 0.5
1247372948.59 0.40625 0.5
1247409213.09 0.34375 0.5
1247412069.72 0.28125 0.5
1247420480.56 0.4375 0.5
1247434933.34 0.34375 0.5
1247436510.66 0.34375 0.5
1247440682.59 0.34375 0.5
1247463169.28 0.34375 0.5
1247464916.84 0.34375 0.5
1247482070.38 0.625 0.5
1247487804.78 0.21875 0.5
1247501157.62 0.375 0.5
1247508080.41 0.59375 0.5
1247535881.59 0.40625 0.5
1247548188.78 0.21875 0.5
1247557865.72 0.34375 0.5
1247559064.62 0.4375 0.5
1247565428.59 0.34375 0.5
1247569379.78 0.34375 0.5
1247577183.97 0.34375 0.5
1247594136.5 0.5 0.5
1247598628.41 0.59375 0.5
1247602632.84 0.34375 0.5
1247609529.0 1.0 0.5
1247620852.31 0.6875 0.5
1247629673.5 0.5 0.5
1247682798.03 0.34375 0.5
1247712401.28 0.34375 0.5
1247734064.41 0.34375 0.5
1247750678.56 0.375 0.5
1247758554.53 0.46875 0.5
1247802024.78 0.34375 0.5
1247810879.16 0.34375 0.5
1247823599.34 0.34375 0.5
1247848147.47 0.53125 0.5
1247864519.84 0.34375 0.5
1247882880.34 0.34375 0.5
1247913488.69 0.375 0.5
1247917159.47 0.34375 0.5
1247922401.53 0.46875 0.5
1247964454.72 0.34375 0.5
1247967330.97 0.34375 0.5
1247968137.78 0.34375 0.5
1247975461.41 0.34375 0.5
1247986797.28 0.34375 0.5
1247990273.91 0.34375 0.5
1248017195.31 0.6875 0.5
1248019734.44 0.375 0.5
1248028806.66 0.34375 0.5
1248033727.41 0.34375 0.5
1248048217.84 0.34375 0.5
1248069390.5 0.5 0.5
1248081842.03 0.34375 0.5
1248090866.41 0.34375 0.5
1248115438.75 0.375 0.5
1248153517.28 0.34375 0.5
1248173490.09 0.34375 0.5
1248181948.53 0.34375 0.5
1248196173.41 0.34375 0.5
1248223937.75 0.25 0.5
1248240776.03 0.34375 0.5
1248249724.62 0.375 0.5
1248254600.47 0.53125 0.5
1248274404.09 0.34375 0.5
1248285364.03 0.34375 0.5
1248285991.53 0.34375 0.5
1248287613.41 0.34375 0.5
1248290036.16 0.34375 0.5
1248302747.62 0.375 0.5
1248305067.34 0.34375 0.5
1248310243.41 0.34375 0.5
1248318051.84 0.40625 0.5
1248321995.59 0.34375 0.5
1248327900.41 0.34375 0.5
1248335604.47 0.34375 0.5
1248350483.09 0.34375 0.5
1248366866.09 0.34375 0.5
1248370846.75 0.375 0.5
1248401314.66 0.34375 0.5
1248404248.03 0.34375 0.5
1248407099.97 0.34375 0.5
1248411042.66 0.34375 0.5
1248423032.25 0.375 0.5
1248429181.34 0.34375 0.5
1248438872.03 0.34375 0.5
1248448803.94 0.375 0.5
1248460971.94 0.6875 0.5
1248477783.28 0.34375 0.5
1248487984.69 0.375 0.5
1248508804.44 0.5625 0.5
1248571928.09 0.34375 0.5
1248571932.41 0.59375 0.5
1248587955.72 0.28125 0.5
1248598118.09 0.34375 0.5
1248622347.53 0.46875 0.5
1248648331.69 0.3125 0.5
1248652555.84 0.15625 0.5
1248655823.41 0.34375 0.5
1248655827.78 0.21875 0.5
1248659529.72 0.28125 0.5
1248665444.69 0.3125 0.5
1248686611.03 0.34375 0.5
1248690878.59 0.34375 0.5
1248692537.47 0.34375 0.5
1248720506.88 0.125 0.5
1248736651.69 0.3125 0.5
1248745545.22 0.34375 0.5
1248758539.53 0.34375 0.5
1248765230.44 0.5625 0.5
1248773237.91 0.34375 0.5
1248781582.47 0.34375 0.5
1248783839.72 0.28125 0.5
1248806722.78 0.34375 0.5
1248807823.44 0.375 0.5
1248810362.41 0.34375 0.5
1248825107.81 0.375 0.5
1248828699.53 0.46875 0.5
1248852082.22 0.34375 0.5
1248866124.34 0.65625 0.5
1248877450.41 0.34375 0.5
1248880535.66 0.34375 0.5
1248943171.47 0.34375 0.5
1248952712.75 0.25 0.5
1249008960.41 0.34375 0.5
1249012535.03 0.34375 0.5
1249017524.03 0.34375 0.5
1249017524.78 0.34375 0.5
1249033500.97 0.34375 0.5
1249070770.97 0.34375 0.5
1249081443.69 0.3125 0.5
1249091357.53 0.34375 0.5
1249096905.22 0.34375 0.5
1249101836.91 0.34375 0.5
1249102902.34 0.65625 0.5
1249107831.47 0.34375 0.5
1249109754.66 0.34375 0.5
1249122566.72 0.34375 0.5
1249134788.59 0.34375 0.5
1249176536.75 0.25 0.5
1249180934.34 0.34375 0.5
1249192958.53 0.46875 0.5
1249208055.09 0.34375 0.5
1249212867.47 0.53125 0.5
1249217726.28 0.34375 0.5
1249230599.47 0.34375 0.5
1249230700.41 0.59375 0.5
1249251774.09 0.34375 0.5
1249259201.34 0.65625 0.5
1249275857.25 0.375 0.5
1249295532.47 0.53125 0.5
1249300168.53 0.34375 0.5
1249301878.53 0.46875 0.5
1249307290.66 0.34375 0.5
1249329706.59 0.34375 0.5
1249342425.44 0.375 0.5
1249347929.22 0.34375 0.5
1249354375.53 0.34375 0.5
1249362584.22 0.34375 0.5
1249404919.78 0.34375 0.5
1249407906.16 0.34375 0.5
1249408902.16 0.34375 0.5
1249423777.31 0.6875 0.5
1249451210.66 0.34375 0.5
1249472896.28 0.34375 0.5
1249478838.22 0.34375 0.5
1249493685.62 0.375 0.5
1249517168.59 0.34375 0.5
1249544985.34 0.34375 0.5
1249558504.97 0.34375 0.5
1249568718.41 0.59375 0.5
1249605200.34 0.65625 0.5
1249612632.66 0.34375 0.5
1249644171.28 0.34375 0.5
1249664965.34 0.34375 0.5
1249676652.16 0.34375 0.5
1249677000.16 0.34375 0.5
1249677955.44 0.5625 0.5
1249691723.66 0.34375 0.5
1249694020.78 0.34375 0.5
1249709589.56 0.375 0.5
1249713617.31 0.6875 0.5
1249719349.81 0.5 0.5
1249759154.72 0.28125 0.5
1249764123.41 0.34375 0.5
1249772206.47 0.53125 0.5
1249794840.25 0.375 0.5
1249808631.78 0.34375 0.5
1249823451.66 0.34375 0.5
1249824129.97 0.34375 0.5
1249845736.47 0.53125 0.5
1249854015.41 0.59375 0.5
1249876097.78125 0.34375 0.5
1249895751.65625 0.46875 0.5
1249923462.71875 0.28125 0.5
1249950802.59375 0.40625 0.5
1249955780.28125 0.71875 0.5
1249975585.65625 0.34375 0.5
1249986690.90625 0.34375 0.5
1250005566.59375 0.40625 0.5
1250013047.1875 0.375 0.5
1250036405.125 0.4375 0.5
1250039099.40625 0.59375 0.5
1250056722.46875 0.34375 0.5
1250061663.84375 0.34375 0.5
1250066488.40625 0.34375 0.5
1250076671.78125 0.34375 0.5
1250083371.71875 0.34375 0.5
1250101321.59375 0.34375 0.5
1250103649.46875 0.34375 0.5
1250104949.71875 0.34375 0.5
1250117999.65625 0.34375 0.5
1250130428.78125 0.34375 0.5
1250144183.90625 0.34375 0.5
1250146761.6875 0.3125 0.5
1250155251.59375 0.34375 0.5
1250158584.59375 0.34375 0.5
1250175767.59375 0.40625 0.5
1250188570.59375 0.34375 0.5
1250192070.28125 0.34375 0.5
1250223362.65625 0.34375 0.5
1250273380.59375 0.34375 0.5
1250279125.8125 0.1875 0.5
1250290772.21875 0.34375 0.5
1250309446.78125 0.34375 0.5
1250321771.46875 0.34375 0.5
1250362924.09375 0.34375 0.5
1250399988.34375 0.34375 0.5
1250407331.8125 0.375 0.5
1250409456.96875 0.34375 0.5
1250413192.28125 0.34375 0.5
1250417591.3125 0.6875 0.5
1250427484.3125 0.6875 0.5
1250453549.8125 0.1875 0.5
1250486688.34375 0.34375 0.5
1250513149.0625 0.375 0.5
1250518370.03125 0.34375 0.5
1250535778.21875 0.34375 0.5
1250543180.75 0.25 0.5
1250551097.71875 0.28125 0.5
1250592913.0625 0.375 0.5
1250602414.21875 0.34375 0.5
1250664982.6875 0.375 0.5
1250674345.5625 0.375 0.5
1250675723.71875 0.34375 0.5
1250703447.40625 0.59375 0.5
1250744517.90625 0.34375 0.5
1250759447.71875 0.34375 0.5
1250761260.3125 0.625 0.5
1250777837.65625 0.34375 0.5
1250778637.90625 0.34375 0.5
1250795385.375 0.625 0.5
1250800797.71875 0.53125 0.5
1250809451.28125 0.34375 0.5
1250818559.78125 0.21875 0.5
1250823831.40625 0.34375 0.5
1250836739.03125 0.34375 0.5
1250840304.40625 0.34375 0.5
1250866787.65625 0.34375 0.5
1250871661.53125 0.34375 0.5
1250886096.65625 0.34375 0.5
1250886568.84375 0.34375 0.5
1250892524.6875 0.3125 0.5
1250943562.15625 0.34375 0.5
1250979760.375 0.375 0.5
1250981136.34375 0.34375 0.5
1250983497.03125 0.34375 0.5
1250987016.40625 0.59375 0.5
1251005401.84375 0.34375 0.5
1251005403.03125 0.34375 0.5
1251018673.4375 0.5625 0.5
1251027294.5625 0.4375 0.5
1251034173.65625 0.34375 0.5
1251037905.71875 0.28125 0.5
1251043718.84375 0.34375 0.5
1251052171.15625 0.65625 0.5
1251063945.96875 0.34375 0.5
1251069021.34375 0.34375 0.5
1251074577.40625 0.59375 0.5
1251080734.34375 0.65625 0.5
1251093781.4375 0.5625 0.5
1251098237.4375 0.5625 0.5
1251104652.375 0.625 0.5
1251151563.53125 0.34375 0.5
1251154097.53125 0.46875 0.5
1251217479.34375 0.34375 0.5
1251227414.84375 0.34375 0.5
1251229575.71875 0.34375 0.5
1251247233.03125 0.34375 0.5
1251279741.84375 0.34375 0.5
1251287654.59375 0.40625 0.5
1251303281.84375 0.34375 0.5
1251309565.28125 0.34375 0.5
1251325254.9375 0.375 0.5
1251326171.53125 0.34375 0.5
1251346424.71875 0.34375 0.5
1251349204.59375 0.40625 0.5
1251363855.53125 0.34375 0.5
1251384001.71875 0.28125 0.5
1251389904.78125 0.21875 0.5
1251396082.5625 0.4375 0.5
1251452695.75 0.25 0.5
1251473635.28125 0.34375 0.5
1251500746.75 0.25 0.5
1251532171.375 0.625 0.5
1251546355.15625 0.34375 0.5
1251549146.96875 0.34375 0.5
1251553190.65625 0.34375 0.5
1251590062.90625 0.34375 0.5
1251669490.65625 0.34375 0.5
1251680251.03125 0.34375 0.5
1251697512.65625 0.34375 0.5
1251721291.65625 0.34375 0.5
1251728648.5 0.5 0.5
1251731791.5 0.5 0.5
1251751399.15625 0.34375 0.5
1251753972.28125 0.71875 0.5
1251757034.8125 0.375 0.5
1251761217.46875 0.34375 0.5
1251795401.96875 0.34375 0.5
1251802780.15625 0.34375 0.5
1251823685.28125 0.34375 0.5
1251832679.15625 0.34375 0.5
1251843066.90625 0.34375 0.5
1251851786.40625 0.34375 0.5
1251858777.4375 0.5625 0.5
1251861741.40625 0.34375 0.5
1251874390.96875 0.34375 0.5
1251880316.375 0.625 0.5
1251899102.03125 0.34375 0.5
1251914338.15625 0.34375 0.5
1251915348.40625 0.40625 0.5
1251917176.3125 0.5 0.5
1251961897.03125 0.34375 0.5
1251971101.40625 0.34375 0.5
1252004333.53125 0.34375 0.5
1252006908.71875 0.28125 0.5
1252015022.78125 0.21875 0.5
1252027453.03125 0.34375 0.5
1252033215.59375 0.34375 0.5
1252035447.3125 0.375 0.5
1252036442.40625 0.59375 0.5
1252043250.03125 0.34375 0.5
1252065372.28125 0.34375 0.5
1252078131.84375 0.34375 0.5
1252094517.25 0.375 0.5
1252098237.71875 0.34375 0.5
1252109801.09375 0.34375 0.5
1252119853.78125 0.34375 0.5
1252122137.75 0.375 0.5
1252137283.21875 0.34375 0.5
1252158674.6875 0.3125 0.5
1252184168.4375 0.5625 0.5
1252194678.21875 0.34375 0.5
1252213266.0625 0.4375 0.5
1252223692.28125 0.34375 0.5
1252240403.53125 0.34375 0.5
1252240813.71875 0.34375 0.5
1252246131.59375 0.34375 0.5
1252251676.75 0.5 0.5
1252306496.78125 0.34375 0.5
1252311688.40625 0.34375 0.5
1252315592.59375 0.40625 0.5
1252327182.59375 0.40625 0.5
1252332736.15625 0.34375 0.5
1252346670.28125 0.34375 0.5
1252353298.90625 0.34375 0.5
1252356960.625 0.375 0.5
1252374057.21875 0.34375 0.5
1252374062.625 0.375 0.5
1252388914.59375 0.34375 0.5
1252389031.4375 0.375 0.5
1252440611.5 0.5 0.5
1252455026.625 0.375 0.5
1252460016.0625 0.4375 0.5
1252460993.78125 0.34375 0.5
1252467856.1875 0.5 0.5
1252474597.46875 0.34375 0.5
1252489901.65625 0.34375 0.5
1252551484.34375 0.34375 0.5
1252571553.78125 0.34375 0.5
1252576051.65625 0.34375 0.5
1252588225.53125 0.34375 0.5
1252629739.4375 0.375 0.5
1252635206.90625 0.34375 0.5
1252636138.59375 0.34375 0.5
1252636533.40625 0.34375 0.5
1252645109.75 0.375 0.5
1252651569.78125 0.21875 0.5
1252663964.28125 0.34375 0.5
1252718691.65625 0.34375 0.5
1252745124.59375 0.34375 0.5
1252785538.28125 0.71875 0.5
1252800191.53125 0.46875 0.5
1252803708.28125 0.71875 0.5
1252819603.53125 0.34375 0.5
1252822488.90625 0.34375 0.5
1252834312.46875 0.34375 0.5
1252851202.125 0.375 0.5
1252856248.46875 0.34375 0.5
1252856777.28125 0.34375 0.5
1252863212.03125 0.34375 0.5
1252870845.78125 0.34375 0.5
1252874913.59375 0.34375 0.5
1252880639.46875 0.53125 0.5
1252916969.4375 0.375 0.5
1252926933.34375 0.34375 0.5
1252960161.65625 0.34375 0.5
1252960622.90625 0.34375 0.5
1252968300.84375 0.34375 0.5
1253003693.90625 0.34375 0.5
1253019067.28125 0.34375 0.5
1253026093.53125 0.34375 0.5
1253053298.65625 0.46875 0.5
1253060325.84375 0.34375 0.5
1253085422.21875 0.34375 0.5
1253108623.53125 0.46875 0.5
1253157617.78125 0.34375 0.5
1253172322.28125 0.34375 0.5
1253192426.0625 0.5 0.5
1253193596.71875 0.34375 0.5
1253201134.21875 0.34375 0.5
1253215607.875 0.375 0.5
1253216663.40625 0.34375 0.5
1253217046.90625 0.34375 0.5
1253242893.9375 0.375 0.5
1253271082.03125 0.34375 0.5
1253271208.28125 0.34375 0.5
1253273003.5625 0.4375 0.5
1253290824.53125 0.46875 0.5
1253300465.59375 0.34375 0.5
1253319887.96875 0.34375 0.5
1253331046.71875 0.28125 0.5
1253345929.71875 0.34375 0.5
1253353952.90625 0.34375 0.5
1253366001.4375 0.375 0.5
1253369525.9375 0.0625 0.5
1253421240.96875 0.34375 0.5
1253435166.40625 0.34375 0.5
1253438590.28125 0.34375 0.5
1253438689.78125 0.34375 0.5
1253441684.28125 0.34375 0.5
1253452571.90625 0.34375 0.5
1253467188.34375 0.34375 0.5
1253467778.21875 0.34375 0.5
1253479064.15625 0.34375 0.5
1253485754.46875 0.34375 0.5
1253491854.6875 0.3125 0.5
1253518042.28125 0.34375 0.5
1253521838.78125 0.34375 0.5
1253532679.34375 0.34375 0.5
1253572850.75 0.25 0.5
1253598074.65625 0.34375 0.5
1253599623.15625 0.34375 0.5
1253627474.03125 0.34375 0.5
1253627646.53125 0.34375 0.5
1253632991.03125 0.34375 0.5
1253641354.90625 0.34375 0.5
1253656845.59375 0.40625 0.5
1253668536.78125 0.34375 0.5
1253679901.96875 0.34375 0.5
1253680815.03125 0.34375 0.5
1253700544.46875 0.34375 0.5
1253722242.03125 0.34375 0.5
1253733378.28125 0.34375 0.5
1253759132.625 0.375 0.5
1253782918.46875 0.34375 0.5
1253794735.8125 0.375 0.5
1253808555.34375 0.65625 0.5
1253848125.96875 0.34375 0.5
1253857263.78125 0.34375 0.5
1253865612.46875 0.53125 0.5
1253878751.9375 0.375 0.5
1253890046.625 0.375 0.5
1253898124.90625 0.34375 0.5
1253902735.3125 0.6875 0.5
1253911867.65625 0.34375 0.5
1253912166.40625 0.34375 0.5
1253928336.15625 0.34375 0.5
1253933417.53125 0.34375 0.5
1253938243.03125 0.34375 0.5
1253939427.46875 0.34375 0.5
1253940412.65625 0.34375 0.5
1253946514.625 0.375 0.5
1253959589.375 0.375 0.5
1253963328.5 0.375 0.5
1253967510.21875 0.34375 0.5
1253968450.65625 0.34375 0.5
