4.513289
4.564567
4.606686
4.642269
4.6782002
4.7098637
4.7492495
4.7839427
4.8187594
4.8593483
4.901207
4.9406343
4.9775743
5.0138206
5.0556417
5.0912733
5.1330347
5.173248
5.214026
5.2511063
5.289646
5.3318696
5.3727655
5.4152927
5.4567623
5.4969983
5.540357
5.5786633
5.628657
5.6743546
5.7194285
5.7666507
5.808297
5.8547277
5.9018207
5.9549694
6.0065227
6.0629845
6.1132984
6.170448
6.2271895
6.2828736
6.3423386
6.4009266
6.4620295
6.5276284
6.590916
6.6577864
6.7226205
6.7938714
6.8615975
6.9387813
7.0260086
7.09223
7.180022
7.265385
7.347691
7.4299564
7.5308857
7.62757
7.7142158
7.8327446
7.931923
8.037464
8.159467
8.277629
8.415927
8.523269
8.670382
8.825594
8.978522
9.138303
9.308445
9.471074
9.657029
9.879971
10.086088
10.316
10.538103
10.803558
11.059775
11.276259
11.526295
11.777001
12.074429
12.341892
12.628384
13.017067
13.345965
13.774463
14.239631
14.726299
15.36216
16.070738
17.097752
18.242975
19.67711
21.500027
24.71649
