4.5729475
4.6520147
4.711384
4.7697725
4.816597
4.860159
4.9035378
4.9469266
4.986218
5.023468
5.066468
5.1005974
5.1413174
5.1790466
5.2177477
5.2542415
5.293438
5.3362994
5.3733706
5.414231
5.456082
5.4943643
5.5369306
5.5764875
5.6236258
5.6685085
5.71384
5.754884
5.8007855
5.8440022
5.89165
5.938735
5.9897923
6.0396934
6.0901904
6.1424336
6.191621
6.2456937
6.297643
6.355356
6.41508
6.473707
6.5346923
6.593619
6.6592207
6.720371
6.7908745
6.848086
6.926058
7.00278
7.069633
7.154776
7.2222066
7.3040266
7.386079
7.474468
7.564408
7.6537566
7.744352
7.8493443
7.941379
8.049059
8.1632395
8.277336
8.403306
8.513857
8.64474
8.793211
8.924814
9.070519
9.232322
9.407065
9.578366
9.745434
9.966038
10.15645
10.389093
10.59548
10.839475
11.078776
11.292355
11.526295
11.762375
12.053983
12.288473
12.567169
12.880391
13.2486315
13.613027
14.00677
14.487252
15.044223
15.61134
16.426594
17.356077
18.518822
19.956684
21.947126
24.872807
