4.377374
4.4008646
4.423819
4.4463
4.4702573
4.4966936
4.5182085
4.54424
4.5694017
4.597767
4.6244493
4.6502357
4.6775956
4.70603
4.7332454
4.763803
4.792858
4.8245034
4.8554955
4.88969
4.921636
4.954737
4.986937
5.02212
5.057481
5.0929666
5.13041
5.1670427
5.2034245
5.2451777
5.2829084
5.3209033
5.3612576
5.4040694
5.449407
5.492772
5.534993
5.579006
5.6298976
5.6820583
5.729573
5.7802744
5.8304315
5.8852797
5.937509
5.995713
6.05605
6.1132984
6.1791368
6.244839
6.31069
6.378514
6.446688
6.522471
6.591919
6.670187
6.7462997
6.8289332
6.9095583
6.99774
7.085842
7.180986
7.274873
7.369648
7.480486
7.5922146
7.702068
7.8327446
7.9575214
8.08142
8.209165
8.375729
8.514605
8.677347
8.853652
9.040517
9.239047
9.4527
9.657029
9.9223995
10.165947
10.451973
10.74847
11.044659
11.322377
11.629752
11.937068
12.264894
12.597432
13.048151
13.492149
13.990101
14.555839
15.29297
16.134491
17.305199
18.710886
20.733809
24.003181
