4.403059
4.4270234
4.4546375
4.481638
4.508769
4.5381474
4.564567
4.597132
4.627939
4.656518
4.688621
4.718919
4.750831
4.7839217
4.8160315
4.849757
4.886625
4.921636
4.9569597
4.9914727
5.027429
5.0668125
5.1048493
5.1412425
5.1776104
5.216925
5.254372
5.2944493
5.339614
5.379987
5.420987
5.4685235
5.5113897
5.5634427
5.60933
5.655651
5.704595
5.750712
5.8025146
5.8501215
5.9011307
5.95772
6.0197315
6.0765634
6.130831
6.1921988
6.257591
6.318733
6.384189
6.4492607
6.5206895
6.589912
6.659447
6.7361007
6.808431
6.8896685
6.9755883
7.0571513
7.152478
7.2394576
7.3250556
7.422398
7.5308857
7.6376715
7.7431126
7.864778
7.9788637
8.107613
8.2297
8.3836
8.513586
8.667395
8.837928
9.007269
9.184674
9.391944
9.580387
9.797815
10.033107
10.283599
10.527016
10.810647
11.089407
11.335629
11.630917
11.916946
12.231404
12.556688
12.933124
13.331261
13.7913265
14.315054
14.956169
15.61053
16.505327
17.619953
19.070715
20.99896
24.28087
