1238175742.66 0.34375 0.5
1238179571.72 0.34375 0.5
1238180060.97 0.34375 0.5
1238180922.91 0.34375 0.5
1238189539.72 0.34375 0.5
1238197405.34 0.34375 0.5
1238197406.47 0.34375 0.5
1238202443.22 0.34375 0.5
1238202444.28 0.34375 0.5
1238210659.53 0.34375 0.5
1238214197.66 0.40625 0.5
1238215145.75 0.25 0.5
1238228403.72 0.34375 0.5
1238232309.56 0.4375 0.5
1238239670.38 0.625 0.5
1238251185.66 0.34375 0.5
1238308340.53 0.46875 0.5
1238337077.91 0.34375 0.5
1238340741.91 0.34375 0.5
1238343794.84 0.34375 0.5
1238344473.62 0.375 0.5
1238354022.53 0.40625 0.5
1238357142.5 0.5 0.5
1238371492.91 0.34375 0.5
1238398198.84 0.34375 0.5
1238409878.22 0.34375 0.5
1238413273.28 0.34375 0.5
1238415976.59 0.34375 0.5
1238418219.72 0.34375 0.5
1238434615.41 0.34375 0.5
1238435601.78 0.34375 0.5
1238440690.62 0.375 0.5
1238445595.22 0.40625 0.5
1238478923.03 0.40625 0.5
1238481645.72 0.34375 0.5
1238487822.22 0.34375 0.5
1238495014.59 0.34375 0.5
1238495917.16 0.34375 0.5
1238529347.41 0.34375 0.5
1238532785.28 0.34375 0.5
1238535954.53 0.34375 0.5
1238538973.75 0.25 0.5
1238543359.38 0.625 0.5
1238555465.66 0.34375 0.5
1238581838.78 0.34375 0.5
1238584977.66 0.34375 0.5
1238591839.38 0.375 0.5
1238603446.59 0.34375 0.5
1238606084.81 0.375 0.5
1238609691.09 0.34375 0.5
1238611183.78 0.34375 0.5
1238619978.69 0.3125 0.5
1238636170.62 0.375 0.5
1238643089.66 0.34375 0.5
1238660133.84 0.34375 0.5
1238667905.03 0.34375 0.5
1238669546.16 0.34375 0.5
1238687600.34 0.65625 0.5
1238726709.66 0.34375 0.5
1238735338.47 0.34375 0.5
1238736437.16 0.34375 0.5
1238774456.12 0.375 0.5
1238776460.03 0.34375 0.5
1238785200.62 0.375 0.5
1238797033.97 0.34375 0.5
1238818839.41 0.34375 0.5
1238819717.62 0.875 0.5
1238824484.28 0.34375 0.5
1238832416.75 0.375 0.5
1238851872.03 0.40625 0.5
1238854098.97 0.34375 0.5
1238858215.88 0.125 0.5
1238884171.81 0.1875 0.5
1238908661.0 0.375 0.5
1238910362.75 0.25 0.5
1238943699.75 0.25 0.5
1238973015.47 0.34375 0.5
1238976002.72 0.34375 0.5
1238976594.19 0.5625 0.5
1238989613.03 0.34375 0.5
1238999168.34 0.40625 0.5
1239003050.72 0.34375 0.5
1239017545.72 0.34375 0.5
1239032850.47 0.46875 0.5
1239034517.97 0.34375 0.5
1239039566.44 0.375 0.5
1239044613.53 0.46875 0.5
1239061989.03 0.34375 0.5
1239062161.66 0.34375 0.5
1239083009.41 0.59375 0.5
1239106305.78 0.21875 0.5
1239132676.84 0.40625 0.5
1239139172.75 0.625 0.5
1239139525.88 0.5 0.5
1239140937.44 0.5625 0.5
1239173636.03 0.34375 0.5
1239181404.91 0.34375 0.5
1239192249.03 0.34375 0.5
1239193473.53 0.34375 0.5
1239195113.91 0.40625 0.5
1239208797.34 0.59375 0.5
1239215091.78 0.34375 0.5
1239232128.44 0.5625 0.5
1239247318.38 0.375 0.5
1239251476.03 0.34375 0.5
1239253501.28 0.71875 0.5
1239263370.84 0.34375 0.5
1239263371.72 0.34375 0.5
1239280337.31 0.375 0.5
1239288929.72 0.28125 0.5
1239300670.16 0.34375 0.5
1239305699.12 0.375 0.5
1239328330.69 0.375 0.5
1239331273.97 0.34375 0.5
1239333041.72 0.34375 0.5
1239341785.5 0.5 0.5
1239360005.28 0.34375 0.5
1239368801.94 0.375 0.5
1239377000.53 0.34375 0.5
1239377732.22 0.34375 0.5
1239392946.25 0.375 0.5
1239398900.78 0.21875 0.5
1239426636.44 0.5625 0.5
1239434012.12 0.375 0.5
1239488072.66 0.34375 0.5
1239491093.41 0.59375 0.5
1239502458.44 0.5625 0.5
1239507496.66 0.34375 0.5
1239574613.97 0.34375 0.5
1239580657.38 0.5625 0.5
1239599282.53 0.46875 0.5
1239627800.34 0.34375 0.5
1239663880.91 0.34375 0.5
1239664117.81 0.375 0.5
1239669057.22 0.34375 0.5
1239671317.09 0.34375 0.5
1239672988.97 0.34375 0.5
1239682706.84 0.34375 0.5
1239684051.66 0.34375 0.5
1239688961.59 0.34375 0.5
1239709304.16 0.34375 0.5
1240105360.16 0.34375 0.5
1240141512.59 0.40625 0.5
1240152776.53 0.65625 0.5
1240156097.72 0.34375 0.5
1240161781.03 0.34375 0.5
1240164366.34 0.34375 0.5
1240214167.91 0.09375 0.5
1240241502.72 0.34375 0.5
1240249075.44 0.5625 0.5
1240263014.59 0.34375 0.5
1240263015.59 0.34375 0.5
1240268127.41 0.34375 0.5
1240270717.03 0.34375 0.5
1240273180.5 0.375 0.5
1240285046.44 0.375 0.5
1240299881.41 0.34375 0.5
1240318628.62 0.375 0.5
1240327983.56 0.625 0.5
1240331169.88 0.125 0.5
1240350077.53 0.34375 0.5
1240353691.59 0.40625 0.5
1240365500.09 0.34375 0.5
1240371091.91 0.34375 0.5
1240388048.22 0.34375 0.5
1240411102.72 0.34375 0.5
1240418200.66 0.34375 0.5
1240425613.91 0.09375 0.5
1240562621.16 0.34375 0.5
1240563158.34 0.34375 0.5
1240569367.78 0.34375 0.5
1240589331.03 0.34375 0.5
1240624411.19 0.375 0.5
1240646360.59 0.34375 0.5
1240650703.22 0.34375 0.5
1240651999.34 0.34375 0.5
1240656332.78 0.34375 0.5
1240671450.91 0.34375 0.5
1240671451.91 0.34375 0.5
1240673279.47 0.53125 0.5
1240701329.28 0.34375 0.5
1240713056.09 0.34375 0.5
1240742647.09 0.34375 0.5
1240742957.59 0.34375 0.5
1240749440.78 0.34375 0.5
1240753451.47 0.34375 0.5
1240772402.47 0.53125 0.5
1240781780.72 0.34375 0.5
1240814312.34 0.53125 0.5
1240841152.59 0.34375 0.5
1240844086.81 0.1875 0.5
1240854644.22 0.34375 0.5
1240863335.16 0.34375 0.5
1240865082.81 0.4375 0.5
1240868372.47 0.34375 0.5
1240875298.72 0.34375 0.5
1240908381.03 0.34375 0.5
1240957887.28 0.34375 0.5
1240968118.28 0.34375 0.5
1241004142.97 0.34375 0.5
1241005044.78 0.34375 0.5
1241011105.34 0.65625 0.5
1241071325.0 0.375 0.5
1241074726.47 0.53125 0.5
1241129945.62 0.4375 0.5
1241144847.06 0.5625 0.5
1241159119.34 0.34375 0.5
1241165450.53 0.34375 0.5
1241197918.84 0.34375 0.5
1241198193.41 0.34375 0.5
1241214227.91 0.09375 0.5
1241277660.88 0.125 0.5
1241305284.47 0.46875 0.5
1241310795.03 0.34375 0.5
1241319377.97 0.34375 0.5
1241334263.66 0.34375 0.5
1241376350.88 0.125 0.5
1241404929.53 0.34375 0.5
1241409507.28 0.71875 0.5
1241437603.03 0.34375 0.5
1241438459.66 0.34375 0.5
1241451821.59 0.34375 0.5
1241454566.84 0.34375 0.5
1241460529.78 0.21875 0.5
1241470420.84 0.34375 0.5
1241476135.16 0.34375 0.5
1241480038.84 0.34375 0.5
1241486269.56 0.375 0.5
1241496844.56 0.4375 0.5
1241521689.91 0.34375 0.5
1241536054.41 0.34375 0.5
1241540650.28 0.34375 0.5
1241550629.91 0.34375 0.5
1241565275.03 0.34375 0.5
1241577733.09 0.34375 0.5
1241610585.03 0.40625 0.5
1242540689.09375 0.34375 0.5
1242545276.34375 0.34375 0.5
1242553428.34375 0.34375 0.5
1242556017.34375 0.34375 0.5
1242558304.40625 0.34375 0.5
1242563413.65625 0.34375 0.5
1242583251.28125 0.34375 0.5
1242596858.15625 0.34375 0.5
1242605887.21875 0.34375 0.5
1242622066.84375 0.34375 0.5
1242624765.375 0.625 0.5
1242661872.90625 0.09375 0.5
1242674350.59375 0.40625 0.5
1242678405.375 0.5625 0.5
1242713632.78125 0.34375 0.5
1242737101.84375 0.34375 0.5
1242752530.78125 0.34375 0.5
1242756671.3125 0.375 0.5
1242764474.46875 0.34375 0.5
1242795804.71875 0.34375 0.5
1242810679.53125 0.34375 0.5
1242821264.65625 0.34375 0.5
1242822574.59375 0.34375 0.5
1242839285.96875 0.34375 0.5
1242846352.21875 0.34375 0.5
1242848351.90625 0.34375 0.5
1242856055.40625 0.34375 0.5
1242867879.46875 0.53125 0.5
1242878642.46875 0.34375 0.5
1242888307.09375 0.34375 0.5
1242892326.625 0.375 0.5
1242943368.09375 0.34375 0.5
1242949101.4375 0.5625 0.5
1242972213.53125 0.34375 0.5
1242983271.53125 0.34375 0.5
1242985966.96875 0.34375 0.5
1242986295.75 0.25 0.5
1243000081.71875 0.34375 0.5
1243002297.09375 0.34375 0.5
1243018031.78125 0.21875 0.5
1243060851.41 0.34375 0.5
1243118185.22 0.34375 0.5
1243121286.84 0.34375 0.5
1243122802.47 0.34375 0.5
1243125106.88 0.375 0.5
1243125528.53 0.34375 0.5
1243164591.53 0.34375 0.5
1243169341.78 0.34375 0.5
1243178599.81 0.1875 0.5
1243227944.09 0.34375 0.5
1243229875.16 0.34375 0.5
1243243264.56 0.4375 0.5
1243269491.53 0.40625 0.5
1243278947.66 0.34375 0.5
1243321146.56 0.4375 0.5
1243333348.03 0.34375 0.5
1243362367.88 0.125 0.5
1243398512.78 0.46875 0.5
1243432258.91 0.34375 0.5
1243440713.22 0.34375 0.5
1243441447.0 0.375 0.5
1243447663.28 0.34375 0.5
1243452723.41 0.34375 0.5
1243466728.88 0.375 0.5
1243487190.53 0.34375 0.5
1243489764.91 0.34375 0.5
1243490407.16 0.34375 0.5
1243496874.72 0.34375 0.5
1243499023.09 0.34375 0.5
1243509655.88 0.125 0.5
1243520619.94 0.375 0.5
1243521967.84 0.40625 0.5
1243530479.16 0.34375 0.5
1243530767.66 0.34375 0.5
1243551684.47 0.53125 0.5
1243576550.66 0.34375 0.5
1243578110.03 0.34375 0.5
1243582084.59 0.34375 0.5
1243585744.09 0.34375 0.5
1243590908.22 0.34375 0.5
1243602353.59 0.34375 0.5
1243613429.34 0.34375 0.5
1243614314.59 0.34375 0.5
1243628316.69 0.375 0.5
1243631380.78 0.34375 0.5
1243631765.84 0.34375 0.5
1243631915.0 0.375 0.5
1243637351.09 0.34375 0.5
1243643318.22 0.34375 0.5
1243644180.72 0.34375 0.5
1243649395.91 0.34375 0.5
1243659047.66 0.34375 0.5
1243678495.78 0.34375 0.5
1243695869.53 0.46875 0.5
1243742861.22 0.40625 0.5
1243746330.09 0.34375 0.5
1243754389.72 0.34375 0.5
1243811902.53 0.46875 0.5
1243843959.44 0.375 0.5
1243843967.78 0.53125 0.5
1243843975.97 0.34375 0.5
1243843981.94 0.375 0.5
1243843983.47 0.40625 0.5
1243843986.03 0.46875 0.5
1243843987.5 0.375 0.5
1243843989.41 0.40625 0.5
1243843991.84 0.40625 0.5
1243843993.5 0.4375 0.5
1243843995.34 0.34375 0.5
1243843997.62 0.5625 0.5
1243844000.91 0.34375 0.5
1243844003.41 0.46875 0.5
1243844005.97 0.34375 0.5
1243844007.34 0.34375 0.5
1243844008.47 0.34375 0.5
1243844009.34 0.46875 0.5
1243844011.47 0.96875 0.5
1243844013.5 0.4375 0.5
1243844016.03 0.46875 0.5
1243844017.69 0.6875 0.5
1243844019.47 0.34375 0.5
1243844020.59 0.34375 0.5
1243844021.91 0.46875 0.5
1243844023.5 0.4375 0.5
1243844025.72 0.71875 0.5
1243844027.72 0.65625 0.5
1243844031.81 0.625 0.5
1243844033.69 1.1875 0.5
1243844035.62 0.6875 0.5
1243844037.47 0.40625 0.5
1243844039.44 0.375 0.5
1243844040.94 0.375 0.5
1243844041.94 0.5 0.5
1243844043.47 0.40625 0.5
1243844044.41 0.46875 0.5
1243844046.0 0.375 0.5
1243844047.69 1.1875 0.5
1243844049.69 0.75 0.5
1243844051.47 0.90625 0.5
1243844053.47 0.46875 0.5
1243844055.72 0.71875 0.5
1243844057.5 0.875 0.5
1243844059.47 0.40625 0.5
1243844061.53 0.96875 0.5
1243844063.47 0.46875 0.5
1243844076.0 0.4375 0.5
1243844077.44 0.875 0.5
1243844079.38 0.5 0.5
1243844081.31 0.9375 0.5
1243844088.0 0.375 0.5
1243844089.41 0.46875 0.5
1243844090.47 0.34375 0.5
1243844091.91 0.46875 0.5
1243844093.53 0.46875 0.5
1243844099.59 0.65625 0.5
1243844103.66 0.65625 0.5
1243844105.75 0.6875 0.5
1243844108.5 1.4375 0.5
1243844110.91 0.34375 0.5
1243844111.94 0.5625 0.5
1243844113.44 0.375 0.5
1243844115.69 0.6875 0.5
1243844117.88 0.375 0.5
1243844119.31 0.5 0.5
1243844121.75 0.625 0.5
1243844123.44 0.375 0.5
1243844137.94 0.4375 0.5
1243844139.62 0.6875 0.5
1243844143.47 0.40625 0.5
1243844146.0 0.4375 0.5
1243844147.88 0.4375 0.5
1243844149.44 0.4375 0.5
1243844150.91 0.34375 0.5
1243844151.91 0.46875 0.5
1243844161.94 0.5 0.5
1243844163.47 0.53125 0.5
1243844165.31 1.1875 0.5
1243844167.5 0.4375 0.5
1243844169.69 0.6875 0.5
1243844171.5 1.0 0.5
1243844173.47 0.34375 0.5
1243844174.53 0.46875 0.5
1243844175.97 0.40625 0.5
1243844179.44 0.375 0.5
1243844183.44 0.375 0.5
1243844192.03 0.34375 0.5
1243844197.91 0.40625 0.5
1243844199.91 1.09375 0.5
1243851974.41 0.59375 0.5
1243865796.81 0.375 0.5
1243874005.34 0.34375 0.5
1243883508.78 0.34375 0.5
1243923412.72 0.34375 0.5
1243924146.28 0.34375 0.5
1243933109.03 0.34375 0.5
1243933597.66 0.34375 0.5
1243939262.84 0.15625 0.5
1243951533.12 0.375 0.5
1243953146.38 0.375 0.5
1243975904.53 0.46875 0.5
1243987869.91 0.34375 0.5
1244002734.53 0.34375 0.5
1244007599.5 0.375 0.5
1244042957.34 0.34375 0.5
1244059093.22 0.34375 0.5
1244076197.06 0.375 0.5
1244076206.91 0.09375 0.5
1244086238.03 0.34375 0.5
1244087559.78 0.34375 0.5
1244090945.34 0.34375 0.5
1244106790.47 0.34375 0.5
1244120426.59 0.34375 0.5
1244125087.03 0.34375 0.5
1244152000.91 0.34375 0.5
1244156480.91 0.34375 0.5
1244158759.28 0.34375 0.5
1244165760.34 0.34375 0.5
1244179621.84 0.34375 0.5
1244188351.53 0.34375 0.5
1244195155.34 0.34375 0.5
1244201753.72 0.34375 0.5
1244204071.81 0.625 0.5
1244205200.81 0.375 0.5
1244221705.44 0.5625 0.5
1244292023.66 0.34375 0.5
1244323709.41 0.40625 0.5
1244325163.41 0.59375 0.5
1244363050.09 0.34375 0.5
1244365361.41 0.34375 0.5
1244373146.81 0.375 0.5
1244377862.34 0.34375 0.5
1244380890.84 0.15625 0.5
1244414915.47 0.34375 0.5
1244417357.03 0.34375 0.5
1244419547.09 0.34375 0.5
1244476835.16 0.34375 0.5
1244477943.41 0.34375 0.5
1244481303.72 0.34375 0.5
1244492789.03 0.34375 0.5
1244496667.88 0.375 0.5
1244535269.03 0.34375 0.5
1244539737.47 0.34375 0.5
1244542525.59 0.34375 0.5
1244543353.78 0.34375 0.5
1244549813.59 0.34375 0.5
1244568733.12 0.375 0.5
1244568749.34 0.46875 0.5
1244595007.41 0.34375 0.5
1244610481.47 0.34375 0.5
1244624672.78 0.34375 0.5
1244635349.97 0.34375 0.5
1244640852.47 0.34375 0.5
1244649228.91 0.34375 0.5
1244672236.53 0.46875 0.5
1244700349.66 0.34375 0.5
1244736809.66 0.34375 0.5
1244744746.84 0.34375 0.5
1244757115.59 0.40625 0.5
1244765807.66 0.34375 0.5
1244766568.09 0.34375 0.5
1244768048.53 0.34375 0.5
1244770185.34 0.34375 0.5
1244787163.72 0.34375 0.5
1244789338.34 0.34375 0.5
1244789623.44 0.5625 0.5
1244817932.91 0.34375 0.5
1244824913.34 0.46875 0.5
1244830686.91 0.34375 0.5
1244843724.16 0.34375 0.5
1244888715.59 0.34375 0.5
1244900044.75 0.25 0.5
1244930952.53 0.46875 0.5
1244946999.47 0.34375 0.5
1244948184.84 0.34375 0.5
1244954955.22 0.34375 0.5
1244958211.41 0.59375 0.5
1245000700.53 0.46875 0.5
1245019007.53 0.46875 0.5
1245060094.97 0.34375 0.5
1245082611.41 0.40625 0.5
1245085596.44 0.5625 0.5
1245103510.22 0.34375 0.5
1245106903.97 0.34375 0.5
