1238170292.5 0.5 0.5
1238189313.66 0.34375 0.5
1238193202.66 0.34375 0.5
1238193454.16 0.34375 0.5
1238193899.78 0.21875 0.5
1238200190.59 0.40625 0.5
1238205824.34 0.34375 0.5
1238228888.59 0.40625 0.5
1238249302.94 0.0625 0.5
1238271994.53 0.34375 0.5
1238277332.97 0.34375 0.5
1238277418.41 0.59375 0.5
1238312537.38 0.625 0.5
1238322282.16 0.34375 0.5
1238336151.53 0.34375 0.5
1238338169.34 0.34375 0.5
1238346385.41 0.59375 0.5
1238360642.34 0.65625 0.5
1238392429.81 0.375 0.5
1238426684.41 0.59375 0.5
1238432464.56 0.4375 0.5
1238444728.09 0.34375 0.5
1238492232.72 0.28125 0.5
1238505926.16 0.34375 0.5
1238507835.28 0.34375 0.5
1238517743.69 0.3125 0.5
1238535883.47 0.53125 0.5
1238549141.16 0.34375 0.5
1238559356.34 0.34375 0.5
1238566642.09 0.34375 0.5
1238572050.03 0.34375 0.5
1238574290.34 0.34375 0.5
1238580121.16 0.34375 0.5
1238588142.72 0.34375 0.5
1238594243.59 0.34375 0.5
1238597122.72 0.28125 0.5
1238620465.34 0.65625 0.5
1238649459.03 0.34375 0.5
1238653817.09 0.34375 0.5
1238656537.97 0.34375 0.5
1238664060.97 0.34375 0.5
1238669204.84 0.34375 0.5
1238672986.53 0.34375 0.5
1238674277.41 0.59375 0.5
1238677892.66 0.34375 0.5
1238700195.66 0.34375 0.5
1238702213.75 0.25 0.5
1238719750.97 0.34375 0.5
1238720316.03 0.34375 0.5
1238728031.66 0.34375 0.5
1238733902.28 0.34375 0.5
1238787956.78 0.21875 0.5
1238798807.56 0.4375 0.5
1238823803.53 0.34375 0.5
1238823804.53 0.34375 0.5
1238839071.72 0.34375 0.5
1238854174.47 0.53125 0.5
1238881751.78 0.21875 0.5
1238889366.66 0.34375 0.5
1238893939.25 0.375 0.5
1238893959.56 0.4375 0.5
1238953920.5 0.5 0.5
1239009239.62 0.375 0.5
1239029008.28 0.71875 0.5
1239038232.41 0.34375 0.5
1239045652.62 0.375 0.5
1239045746.34 0.34375 0.5
1239045833.72 0.34375 0.5
1239045878.16 0.34375 0.5
1239045917.38 0.375 0.5
1239046120.47 0.34375 0.5
1239046146.94 0.375 0.5
1239046147.94 0.375 0.5
1239046148.97 0.34375 0.5
1239046157.78 0.34375 0.5
1239046159.31 0.375 0.5
1239046160.72 0.34375 0.5
1239046162.31 0.375 0.5
1239046163.88 0.375 0.5
1239046165.28 0.34375 0.5
1239046166.69 0.375 0.5
1239046168.22 0.34375 0.5
1239046170.16 0.84375 0.5
1239062424.34 0.34375 0.5
1239069074.34 0.34375 0.5
1239070213.47 0.34375 0.5
1239081357.03 0.34375 0.5
1239087275.97 0.34375 0.5
1239091747.81 0.375 0.5
1239101137.84 0.34375 0.5
1239106593.81 0.1875 0.5
1239146846.84 0.34375 0.5
1239168502.59 0.34375 0.5
1239179289.22 0.34375 0.5
1239189040.31 0.6875 0.5
1239221067.44 0.5625 0.5
1239483769.5 0.5 0.5
1239516812.47 0.34375 0.5
1239539281.09 0.34375 0.5
1239555851.78 0.34375 0.5
1239555856.22 0.34375 0.5
1239578135.34 0.65625 0.5
1239583847.38 0.625 0.5
1239596604.97 0.34375 0.5
1239599736.78 0.21875 0.5
1239618317.03 0.34375 0.5
1239619807.66 0.34375 0.5
1239639795.34 0.34375 0.5
1239641384.66 0.34375 0.5
1239692078.31 0.6875 0.5
1239725752.81 0.75 0.5
1239725762.66 1.15625 0.5
1239725767.34 0.53125 0.5
1239725769.38 0.9375 0.5
1239725771.59 0.71875 0.5
1239725772.88 0.375 0.5
1239725773.78 0.34375 0.5
1239725783.09 0.34375 0.5
1239725784.75 0.375 0.5
1239725786.28 0.34375 0.5
1239725787.06 0.375 0.5
1239725806.38 0.75 0.5
1239725807.56 0.375 0.5
1239725808.41 0.34375 0.5
1239725809.16 0.34375 0.5
1239725810.66 0.53125 0.5
1239725812.34 0.53125 0.5
1239725821.94 0.8125 0.5
1239725824.0 1.125 0.5
1239725829.25 0.75 0.5
1239725839.84 0.34375 0.5
1239725848.81 0.75 0.5
1239725850.06 0.375 0.5
1239725861.28 1.40625 0.5
1239725863.81 0.9375 0.5
1239725865.66 0.34375 0.5
1239725866.72 0.40625 0.5
1239725877.62 0.4375 0.5
1239725889.81 0.625 0.5
1239725890.94 0.375 0.5
1239725891.72 0.34375 0.5
1239725893.38 0.375 0.5
1239725894.34 0.46875 0.5
1239725895.97 1.03125 0.5
1239725901.56 0.75 0.5
1239725903.56 1.125 0.5
1239725905.25 0.375 0.5
1239725906.59 0.65625 0.5
1239725909.25 0.4375 0.5
1239725918.59 0.34375 0.5
1239725920.31 0.375 0.5
1239725921.25 0.5 0.5
1239725923.41 1.34375 0.5
1239725926.44 1.25 0.5
1239725928.66 0.34375 0.5
1239725929.72 0.34375 0.5
1239725933.84 0.34375 0.5
1239725941.16 0.78125 0.5
1239725943.0 0.5 0.5
1239725944.81 0.375 0.5
1239725946.47 0.34375 0.5
1239725948.31 0.75 0.5
1239725955.75 0.375 0.5
1239725960.41 0.34375 0.5
1239725962.81 0.4375 0.5
1239725964.78 1.46875 0.5
1239725966.75 0.375 0.5
1239725967.91 0.65625 0.5
1239725975.88 0.75 0.5
1239725977.97 1.03125 0.5
1239725982.41 0.34375 0.5
1239725985.75 0.375 0.5
1239725986.78 0.34375 0.5
1239725991.38 0.375 0.5
1239725992.66 0.34375 0.5
1239725994.0 0.625 0.5
1239725998.66 0.34375 0.5
1239726000.0 0.375 0.5
1239726002.34 0.34375 0.5
1239726015.5 0.75 0.5
1239726017.16 0.34375 0.5
1239726018.22 0.34375 0.5
1239726020.44 0.375 0.5
1239726025.34 0.34375 0.5
1239726029.91 0.34375 0.5
1239726039.56 0.375 0.5
1239726050.56 0.375 0.5
1239733827.28 0.34375 0.5
1239734704.41 0.34375 0.5
1239743875.44 0.375 0.5
1239750582.16 0.34375 0.5
1239754063.59 0.34375 0.5
1239758858.22 0.34375 0.5
1239762095.34 0.65625 0.5
1239787213.53 0.34375 0.5
1239787727.16 0.34375 0.5
1239805968.78 0.34375 0.5
1239806990.41 0.59375 0.5
1239817719.78 0.21875 0.5
1239856937.59 0.34375 0.5
1239926067.5 0.5 0.5
1239960510.75 0.375 0.5
1239964150.75 0.25 0.5
1239980490.56 0.4375 0.5
1239991143.31 0.6875 0.5
1240000763.44 0.5625 0.5
1240005955.41 0.59375 0.5
1240023889.03 0.34375 0.5
1240023890.41 0.59375 0.5
1240035704.84 0.34375 0.5
1240036767.72 0.28125 0.5
1240061300.47 0.53125 0.5
1240080104.97 0.34375 0.5
1240089993.53 0.46875 0.5
1240119902.28 0.34375 0.5
1240167395.97 0.34375 0.5
1240178837.91 0.34375 0.5
1240215704.22 0.34375 0.5
1240230165.25 0.375 0.5
1240268063.28 0.34375 0.5
1240277614.09 0.34375 0.5
1240284924.03 0.34375 0.5
1240293150.91 0.34375 0.5
1240310017.03 0.34375 0.5
1240349088.97 0.34375 0.5
1240351055.34 0.34375 0.5
1240352293.66 0.34375 0.5
1240392341.72 0.34375 0.5
1240420834.53 0.34375 0.5
1240422751.97 0.34375 0.5
1240460306.97 0.34375 0.5
1240473006.53 0.46875 0.5
1240509082.72 0.34375 0.5
1240521886.91 0.34375 0.5
1240531691.91 0.34375 0.5
1240534096.78 0.21875 0.5
1240543298.41 0.59375 0.5
1240551329.41 0.34375 0.5
1240555623.25 0.375 0.5
1240587499.16 0.34375 0.5
1240587615.47 0.53125 0.5
1240598611.72 0.34375 0.5
1240606969.88 0.125 0.5
1240637259.22 0.34375 0.5
1240652776.97 0.34375 0.5
1240654293.53 0.34375 0.5
1240654375.75 0.25 0.5
1240669472.94 0.0625 0.5
1240694424.66 0.34375 0.5
1240698421.53 0.46875 0.5
1240714031.16 0.34375 0.5
1240730295.53 0.34375 0.5
1240732080.34 0.34375 0.5
1240735665.44 0.5625 0.5
1240739913.78 0.34375 0.5
1240748213.47 0.34375 0.5
1240749004.34 0.65625 0.5
1240759616.91 0.34375 0.5
1240780591.47 0.34375 0.5
1240823641.22 0.34375 0.5
1240832481.44 0.5625 0.5
1240851509.47 0.34375 0.5
1240865921.34 0.65625 0.5
1240906094.78 0.34375 0.5
1240906996.69 0.3125 0.5
1240918864.81 0.375 0.5
1240937574.09 0.34375 0.5
1240948613.41 0.34375 0.5
1240951232.66 0.34375 0.5
1240974993.34 0.34375 0.5
1241005705.34 0.65625 0.5
1241013090.47 0.34375 0.5
1241017552.66 0.34375 0.5
1241023183.91 0.34375 0.5
1241033768.78 0.21875 0.5
1241046545.41 0.34375 0.5
1241092249.97 0.34375 0.5
1241104711.34 0.34375 0.5
1241120760.28 0.34375 0.5
1241130366.34 0.34375 0.5
1241142313.03 0.34375 0.5
1241150820.75 0.375 0.5
1241157016.72 0.34375 0.5
1241173826.69 0.3125 0.5
1241214072.31 0.6875 0.5
1241230502.97 0.34375 0.5
1241233643.44 0.5625 0.5
1241270833.53 0.34375 0.5
1241272344.72 0.34375 0.5
1241274983.66 0.34375 0.5
1241275322.5 0.5 0.5
1241324743.75 0.375 0.5
1241342412.22 0.34375 0.5
1241347360.53 0.34375 0.5
1241350781.97 0.34375 0.5
1241352672.59 0.40625 0.5
1241420059.09 0.34375 0.5
1241427059.97 0.34375 0.5
1241430521.72 0.34375 0.5
1241440174.25 0.375 0.5
1241454582.5 0.5 0.5
1241479790.47 0.53125 0.5
1241495461.75 0.25 0.5
1241522593.16 0.34375 0.5
1241525426.34 0.65625 0.5
1241538915.41 0.59375 0.5
1241594338.31 0.6875 0.5
1241616523.59 0.40625 0.5
1241623081.91 0.34375 0.5
1241643867.81 0.375 0.5
1241677958.97 0.34375 0.5
1241720605.09 0.34375 0.5
1241724619.62 0.375 0.5
1241732955.16 0.34375 0.5
1241739853.09 0.34375 0.5
1241750627.91 0.34375 0.5
1241780605.5 0.5 0.5
1241785899.09 0.34375 0.5
1241800052.53 0.34375 0.5
1241809948.34 0.34375 0.5
1241818106.56 0.4375 0.5
1241826831.59 0.34375 0.5
1241827170.31 0.6875 0.5
1241841942.34 0.34375 0.5
1241851290.91 0.34375 0.5
1241875150.53 0.46875 0.5
1241898903.41 0.59375 0.5
1241908135.16 0.34375 0.5
1241908138.53 0.34375 0.5
1241920629.44 0.375 0.5
1241922174.16 0.34375 0.5
1241935487.66 0.34375 0.5
1241936858.31 0.6875 0.5
1241941494.59 0.34375 0.5
1241942320.34 0.34375 0.5
1241969538.31 0.375 0.5
1241993477.34 0.65625 0.5
1242040781.75 0.25 0.5
1242059205.65625 0.34375 0.5
1242078156.96875 0.34375 0.5
1242079003.28125 0.34375 0.5
1242084153.84375 0.15625 0.5
1242153102.34375 0.65625 0.5
1242160666.25 0.75 0.5
1242190238.59375 0.34375 0.5
1242191274.15625 0.34375 0.5
1242200537.84375 0.34375 0.5
1242220010.75 0.25 0.5
1242255608.375 0.625 0.5
1242258585.65625 0.34375 0.5
1242259176.96875 0.34375 0.5
1242267569.8125 0.1875 0.5
1242300705.65625 0.34375 0.5
1242308420.03125 0.34375 0.5
1242316395.5625 0.4375 0.5
1242353508.84375 0.34375 0.5
1242367742.96875 0.34375 0.5
1242389441.40625 0.46875 0.5
1242414394.09375 0.34375 0.5
1242435411.96875 0.34375 0.5
1242461353.96875 0.34375 0.5
1242478466.4375 0.375 0.5
1242507245.53125 0.34375 0.5
1242572150.625 0.5 0.5
1242611437.875 0.375 0.5
1242617961.90625 0.34375 0.5
1242638613.625 0.375 0.5
1242677357.96875 0.34375 0.5
1242687269.75 0.25 0.5
1242702351.71875 0.34375 0.5
1242733670.75 0.375 0.5
1242751740.09375 0.34375 0.5
1242769852.03125 0.34375 0.5
1242773440.03125 0.34375 0.5
1242782948.78125 0.21875 0.5
1242804306.8125 0.375 0.5
1242807943.40625 0.34375 0.5
1242834482.9375 0.375 0.5
1242848592.84375 0.34375 0.5
1242869862.40625 0.34375 0.5
1242870286.65625 0.34375 0.5
1242873874.21875 0.34375 0.5
1242884004.0625 0.375 0.5
1242889305.15625 0.34375 0.5
1242892132.65625 0.34375 0.5
1242930172.65625 0.34375 0.5
1242938654.96875 0.34375 0.5
1242946733.34375 0.34375 0.5
1242956842.84375 0.34375 0.5
1242987755.53125 0.46875 0.5
1243024192.03125 0.34375 0.5
1243066761.78 0.21875 0.5
1243120103.22 0.34375 0.5
1243126850.53 0.34375 0.5
1243131024.41 0.34375 0.5
1243151996.53 0.34375 0.5
1243157705.69 0.375 0.5
1243158575.31 0.6875 0.5
1243171637.0 0.375 0.5
1243184737.0 0.375 0.5
1243226415.78 0.34375 0.5
1243237468.53 0.34375 0.5
1243242471.81 0.1875 0.5
1243257061.03 0.34375 0.5
1243269178.66 0.34375 0.5
1243283796.66 0.34375 0.5
1243304387.28 0.34375 0.5
1243315838.03 0.34375 0.5
1243339338.53 0.46875 0.5
1243345365.72 0.34375 0.5
1243368448.56 0.4375 0.5
1243381521.03 0.34375 0.5
1243396328.97 0.34375 0.5
1243411093.41 0.34375 0.5
1243444983.84 0.34375 0.5
1243450025.03 0.34375 0.5
1243474647.78 0.34375 0.5
1243476690.44 0.375 0.5
1243498359.66 0.34375 0.5
1243510033.41 0.59375 0.5
1243536272.59 0.40625 0.5
1243544803.09 0.34375 0.5
1243575425.59 0.40625 0.5
1243593038.19 0.375 0.5
1243597187.62 0.375 0.5
1243599758.03 0.34375 0.5
1243600789.59 0.34375 0.5
1243620098.47 0.34375 0.5
1243642019.72 0.28125 0.5
1243649661.84 0.34375 0.5
1243656454.03 0.34375 0.5
1243669567.22 0.34375 0.5
1243681694.22 0.34375 0.5
1243688739.16 0.34375 0.5
1243693377.88 0.125 0.5
1243769180.84 0.34375 0.5
1243778934.22 0.34375 0.5
1243790563.56 0.625 0.5
1243792461.53 0.46875 0.5
1243805596.41 0.34375 0.5
1243808493.28 0.71875 0.5
1243819358.44 0.5625 0.5
1243841786.41 0.34375 0.5
1243855871.66 0.34375 0.5
1243866683.62 0.375 0.5
1243887180.53 0.34375 0.5
1243911251.62 0.375 0.5
1243917581.22 0.40625 0.5
1243919467.03 0.34375 0.5
1243922711.47 0.34375 0.5
1243932801.91 0.34375 0.5
1243944822.66 0.34375 0.5
1243947890.28 0.34375 0.5
1243966904.78 0.34375 0.5
1243991842.16 0.34375 0.5
1244012668.91 0.34375 0.5
1244024284.22 0.34375 0.5
1244039752.28 0.34375 0.5
1244052895.75 0.25 0.5
1244062564.09 0.34375 0.5
1244064956.72 0.28125 0.5
1244076496.78 0.34375 0.5
1244098426.75 0.25 0.5
1244107297.97 0.34375 0.5
1244152539.44 0.375 0.5
1244173540.72 0.34375 0.5
1244176171.81 0.375 0.5
1244207827.47 0.34375 0.5
1244208892.38 0.625 0.5
1244221952.41 0.34375 0.5
1244223102.66 0.34375 0.5
1244234979.19 0.375 0.5
1244241299.84 0.34375 0.5
1244254802.72 0.28125 0.5
1244261722.47 0.34375 0.5
1244262915.22 0.46875 0.5
1244327472.59 0.34375 0.5
1244350425.97 0.34375 0.5
1244355481.91 0.34375 0.5
1244371995.59 0.34375 0.5
1244374624.28 0.34375 0.5
1244385539.72 0.34375 0.5
1244406728.19 0.4375 0.5
1244428304.97 0.34375 0.5
1244428436.22 0.34375 0.5
1244439738.06 0.375 0.5
1244444805.09 0.34375 0.5
1244450301.97 0.34375 0.5
1244458918.62 0.375 0.5
1244480936.97 0.34375 0.5
1244507922.72 0.28125 0.5
1244523165.41 0.34375 0.5
1244533390.53 0.40625 0.5
1244563552.47 0.34375 0.5
1244576835.22 0.34375 0.5
1244587519.09 0.34375 0.5
1244605928.38 0.625 0.5
1244621015.16 0.34375 0.5
1244623569.38 0.375 0.5
1244643610.41 0.34375 0.5
1244654051.69 0.4375 0.5
1244657466.78 0.34375 0.5
1244662277.03 0.34375 0.5
1244672025.38 0.375 0.5
1244674328.62 0.375 0.5
1244700940.44 0.5625 0.5
1244728385.47 0.34375 0.5
1244732346.78 0.34375 0.5
1244734425.22 0.34375 0.5
1244738615.09 0.34375 0.5
1244760150.31 0.6875 0.5
1244769790.69 0.3125 0.5
1244775470.72 0.34375 0.5
1244775598.12 0.375 0.5
1244789982.75 0.25 0.5
1244812197.5 0.5 0.5
1244817656.41 0.34375 0.5
1244822589.56 0.4375 0.5
1244836560.66 0.34375 0.5
1244857518.97 0.34375 0.5
1244859593.47 0.53125 0.5
1244862982.22 0.34375 0.5
1244863889.72 0.28125 0.5
1244889245.66 0.34375 0.5
1244900830.25 0.75 0.5
1244934108.78 0.34375 0.5
1244934364.66 0.34375 0.5
1244946701.09 0.34375 0.5
1244948438.66 0.34375 0.5
1244952641.31 0.6875 0.5
1245003962.56 0.4375 0.5
1245033453.41 0.34375 0.5
1245033783.41 0.34375 0.5
1245040901.94 0.375 0.5
1245056006.5 0.5 0.5
1245072351.62 0.375 0.5
1245072352.47 0.34375 0.5
1245080933.03 0.34375 0.5
1245098166.47 0.34375 0.5
1245102829.88 0.625 0.5
