1238175742.66 0.34375 0.5
1238179571.72 0.34375 0.5
1238180060.97 0.34375 0.5
1238180922.91 0.34375 0.5
1238189539.72 0.34375 0.5
1238197405.34 0.34375 0.5
1238197406.47 0.34375 0.5
1238202443.22 0.34375 0.5
1238202444.28 0.34375 0.5
1238210659.53 0.34375 0.5
1238214197.66 0.40625 0.5
1238215145.75 0.25 0.5
1238228403.72 0.34375 0.5
1238232309.56 0.4375 0.5
1238239670.38 0.625 0.5
1238251185.66 0.34375 0.5
1238308340.53 0.46875 0.5
1238337077.91 0.34375 0.5
1238340741.91 0.34375 0.5
1238343794.84 0.34375 0.5
1238344473.62 0.375 0.5
1238354022.53 0.40625 0.5
1238357142.5 0.5 0.5
1238371492.91 0.34375 0.5
1238398198.84 0.34375 0.5
1238409878.22 0.34375 0.5
1238413273.28 0.34375 0.5
1238415976.59 0.34375 0.5
1238418219.72 0.34375 0.5
1238434615.41 0.34375 0.5
1238435601.78 0.34375 0.5
1238440690.62 0.375 0.5
1238445595.22 0.40625 0.5
1238478923.03 0.40625 0.5
1238481645.72 0.34375 0.5
1238487822.22 0.34375 0.5
1238495014.59 0.34375 0.5
1238495917.16 0.34375 0.5
1238529347.41 0.34375 0.5
1238532785.28 0.34375 0.5
1238535954.53 0.34375 0.5
1238538973.75 0.25 0.5
1238543359.38 0.625 0.5
1238555465.66 0.34375 0.5
1238581838.78 0.34375 0.5
1238584977.66 0.34375 0.5
1238591839.38 0.375 0.5
1238603446.59 0.34375 0.5
1238606084.81 0.375 0.5
1238609691.09 0.34375 0.5
1238611183.78 0.34375 0.5
1238619978.69 0.3125 0.5
1238636170.62 0.375 0.5
1238643089.66 0.34375 0.5
1238660133.84 0.34375 0.5
1238667905.03 0.34375 0.5
1238669546.16 0.34375 0.5
1238687600.34 0.65625 0.5
1238726709.66 0.34375 0.5
1238735338.47 0.34375 0.5
1238736437.16 0.34375 0.5
1238774456.12 0.375 0.5
1238776460.03 0.34375 0.5
1238785200.62 0.375 0.5
1238797033.97 0.34375 0.5
1238818839.41 0.34375 0.5
1238819717.62 0.875 0.5
1238824484.28 0.34375 0.5
1238832416.75 0.375 0.5
1238851872.03 0.40625 0.5
1238854098.97 0.34375 0.5
1238858215.88 0.125 0.5
1238884171.81 0.1875 0.5
1238908661.0 0.375 0.5
1238910362.75 0.25 0.5
1238943699.75 0.25 0.5
1238973015.47 0.34375 0.5
1238976002.72 0.34375 0.5
1238976594.19 0.5625 0.5
1238989613.03 0.34375 0.5
1238999168.34 0.40625 0.5
1239003050.72 0.34375 0.5
1239017545.72 0.34375 0.5
1239032850.47 0.46875 0.5
1239034517.97 0.34375 0.5
1239039566.44 0.375 0.5
1239044613.53 0.46875 0.5
1239061989.03 0.34375 0.5
1239062161.66 0.34375 0.5
1239083009.41 0.59375 0.5
1239106305.78 0.21875 0.5
1239132676.84 0.40625 0.5
1239139172.75 0.625 0.5
1239139525.88 0.5 0.5
1239140937.44 0.5625 0.5
1239173636.03 0.34375 0.5
1239181404.91 0.34375 0.5
1239192249.03 0.34375 0.5
1239193473.53 0.34375 0.5
1239195113.91 0.40625 0.5
1239208797.34 0.59375 0.5
1239215091.78 0.34375 0.5
1239232128.44 0.5625 0.5
1239247318.38 0.375 0.5
1239251476.03 0.34375 0.5
1239253501.28 0.71875 0.5
1239263370.84 0.34375 0.5
1239263371.72 0.34375 0.5
1239280337.31 0.375 0.5
1239288929.72 0.28125 0.5
1239300670.16 0.34375 0.5
1239305699.12 0.375 0.5
1239328330.69 0.375 0.5
1239331273.97 0.34375 0.5
1239333041.72 0.34375 0.5
1239341785.5 0.5 0.5
1239360005.28 0.34375 0.5
1239368801.94 0.375 0.5
1239377000.53 0.34375 0.5
1239377732.22 0.34375 0.5
1239392946.25 0.375 0.5
1239398900.78 0.21875 0.5
1239426636.44 0.5625 0.5
1239434012.12 0.375 0.5
1239488072.66 0.34375 0.5
1239491093.41 0.59375 0.5
1239502458.44 0.5625 0.5
1239507496.66 0.34375 0.5
1239574613.97 0.34375 0.5
1239580657.38 0.5625 0.5
1239599282.53 0.46875 0.5
1239627800.34 0.34375 0.5
1239663880.91 0.34375 0.5
1239664117.81 0.375 0.5
1239669057.22 0.34375 0.5
1239671317.09 0.34375 0.5
1239672988.97 0.34375 0.5
1239682706.84 0.34375 0.5
1239684051.66 0.34375 0.5
1239688961.59 0.34375 0.5
1239709304.16 0.34375 0.5
1240105360.16 0.34375 0.5
1240141512.59 0.40625 0.5
1240152776.53 0.65625 0.5
1240156097.72 0.34375 0.5
1240161781.03 0.34375 0.5
1240164366.34 0.34375 0.5
1240214167.91 0.09375 0.5
1240241502.72 0.34375 0.5
1240249075.44 0.5625 0.5
1240263014.59 0.34375 0.5
1240263015.59 0.34375 0.5
1240268127.41 0.34375 0.5
1240270717.03 0.34375 0.5
1240273180.5 0.375 0.5
1240285046.44 0.375 0.5
1240299881.41 0.34375 0.5
1240318628.62 0.375 0.5
1240327983.56 0.625 0.5
1240331169.88 0.125 0.5
1240350077.53 0.34375 0.5
1240353691.59 0.40625 0.5
1240365500.09 0.34375 0.5
1240371091.91 0.34375 0.5
1240388048.22 0.34375 0.5
1240411102.72 0.34375 0.5
1240418200.66 0.34375 0.5
1240425613.91 0.09375 0.5
1240562621.16 0.34375 0.5
1240563158.34 0.34375 0.5
1240569367.78 0.34375 0.5
1240589331.03 0.34375 0.5
1240624411.19 0.375 0.5
1240646360.59 0.34375 0.5
1240650703.22 0.34375 0.5
1240651999.34 0.34375 0.5
1240656332.78 0.34375 0.5
1240671450.91 0.34375 0.5
1240671451.91 0.34375 0.5
1240673279.47 0.53125 0.5
1240701329.28 0.34375 0.5
1240713056.09 0.34375 0.5
1240742647.09 0.34375 0.5
1240742957.59 0.34375 0.5
1240749440.78 0.34375 0.5
1240753451.47 0.34375 0.5
1240772402.47 0.53125 0.5
1240781780.72 0.34375 0.5
1240814312.34 0.53125 0.5
1240841152.59 0.34375 0.5
1240844086.81 0.1875 0.5
1240854644.22 0.34375 0.5
1240863335.16 0.34375 0.5
1240865082.81 0.4375 0.5
1240868372.47 0.34375 0.5
1240875298.72 0.34375 0.5
1240908381.03 0.34375 0.5
1240957887.28 0.34375 0.5
1240968118.28 0.34375 0.5
1241004142.97 0.34375 0.5
1241005044.78 0.34375 0.5
1241011105.34 0.65625 0.5
1241071325.0 0.375 0.5
1241074726.47 0.53125 0.5
1241129945.62 0.4375 0.5
1241144847.06 0.5625 0.5
1241159119.34 0.34375 0.5
1241165450.53 0.34375 0.5
1241197918.84 0.34375 0.5
1241198193.41 0.34375 0.5
1241214227.91 0.09375 0.5
1241277660.88 0.125 0.5
1241305284.47 0.46875 0.5
1241310795.03 0.34375 0.5
1241319377.97 0.34375 0.5
1241334263.66 0.34375 0.5
1241376350.88 0.125 0.5
1241404929.53 0.34375 0.5
1241409507.28 0.71875 0.5
1241437603.03 0.34375 0.5
1241438459.66 0.34375 0.5
1241451821.59 0.34375 0.5
1241454566.84 0.34375 0.5
1241460529.78 0.21875 0.5
1241470420.84 0.34375 0.5
1241476135.16 0.34375 0.5
1241480038.84 0.34375 0.5
1241486269.56 0.375 0.5
1241496844.56 0.4375 0.5
1241521689.91 0.34375 0.5
1241536054.41 0.34375 0.5
1241540650.28 0.34375 0.5
1241550629.91 0.34375 0.5
1241565275.03 0.34375 0.5
1241577733.09 0.34375 0.5
1241610585.03 0.40625 0.5
1242540689.09375 0.34375 0.5
1242545276.34375 0.34375 0.5
1242553428.34375 0.34375 0.5
1242556017.34375 0.34375 0.5
1242558304.40625 0.34375 0.5
1242563413.65625 0.34375 0.5
1242583251.28125 0.34375 0.5
1242596858.15625 0.34375 0.5
1242605887.21875 0.34375 0.5
1242622066.84375 0.34375 0.5
1242624765.375 0.625 0.5
1242661872.90625 0.09375 0.5
1242674350.59375 0.40625 0.5
1242678405.375 0.5625 0.5
1242713632.78125 0.34375 0.5
1242737101.84375 0.34375 0.5
1242752530.78125 0.34375 0.5
1242756671.3125 0.375 0.5
1242764474.46875 0.34375 0.5
1242795804.71875 0.34375 0.5
1242810679.53125 0.34375 0.5
1242821264.65625 0.34375 0.5
1242822574.59375 0.34375 0.5
1242839285.96875 0.34375 0.5
1242846352.21875 0.34375 0.5
1242848351.90625 0.34375 0.5
1242856055.40625 0.34375 0.5
1242867879.46875 0.53125 0.5
1242878642.46875 0.34375 0.5
1242888307.09375 0.34375 0.5
1242892326.625 0.375 0.5
1242943368.09375 0.34375 0.5
1242949101.4375 0.5625 0.5
1242972213.53125 0.34375 0.5
1242983271.53125 0.34375 0.5
1242985966.96875 0.34375 0.5
1242986295.75 0.25 0.5
1243000081.71875 0.34375 0.5
1243002297.09375 0.34375 0.5
1243018031.78125 0.21875 0.5
1243060851.41 0.34375 0.5
1243118185.22 0.34375 0.5
1243121286.84 0.34375 0.5
1243122802.47 0.34375 0.5
1243125106.88 0.375 0.5
1243125528.53 0.34375 0.5
1243164591.53 0.34375 0.5
1243169341.78 0.34375 0.5
1243178599.81 0.1875 0.5
1243227944.09 0.34375 0.5
1243229875.16 0.34375 0.5
1243243264.56 0.4375 0.5
1243269491.53 0.40625 0.5
1243278947.66 0.34375 0.5
1243321146.56 0.4375 0.5
1243333348.03 0.34375 0.5
1243362367.88 0.125 0.5
1243398512.78 0.46875 0.5
1243432258.91 0.34375 0.5
1243440713.22 0.34375 0.5
1243441447.0 0.375 0.5
1243447663.28 0.34375 0.5
1243452723.41 0.34375 0.5
1243466728.88 0.375 0.5
1243487190.53 0.34375 0.5
1243489764.91 0.34375 0.5
1243490407.16 0.34375 0.5
1243496874.72 0.34375 0.5
1243499023.09 0.34375 0.5
1243509655.88 0.125 0.5
1243520619.94 0.375 0.5
1243521967.84 0.40625 0.5
1243530479.16 0.34375 0.5
1243530767.66 0.34375 0.5
1243551684.47 0.53125 0.5
1243576550.66 0.34375 0.5
1243578110.03 0.34375 0.5
1243582084.59 0.34375 0.5
1243585744.09 0.34375 0.5
1243590908.22 0.34375 0.5
1243602353.59 0.34375 0.5
1243613429.34 0.34375 0.5
1243614314.59 0.34375 0.5
1243628316.69 0.375 0.5
1243631380.78 0.34375 0.5
1243631765.84 0.34375 0.5
1243631915.0 0.375 0.5
1243637351.09 0.34375 0.5
1243643318.22 0.34375 0.5
1243644180.72 0.34375 0.5
1243649395.91 0.34375 0.5
1243659047.66 0.34375 0.5
1243678495.78 0.34375 0.5
1243695869.53 0.46875 0.5
1243742861.22 0.40625 0.5
1243746330.09 0.34375 0.5
1243754389.72 0.34375 0.5
1243811902.53 0.46875 0.5
1243843959.44 0.375 0.5
1243843967.78 0.53125 0.5
1243843975.97 0.34375 0.5
1243843981.94 0.375 0.5
1243843983.47 0.40625 0.5
1243843986.03 0.46875 0.5
1243843987.5 0.375 0.5
1243843989.41 0.40625 0.5
1243843991.84 0.40625 0.5
1243843993.5 0.4375 0.5
1243843995.34 0.34375 0.5
1243843997.62 0.5625 0.5
1243844000.91 0.34375 0.5
1243844003.41 0.46875 0.5
1243844005.97 0.34375 0.5
1243844007.34 0.34375 0.5
1243844008.47 0.34375 0.5
1243844009.34 0.46875 0.5
1243844011.47 0.96875 0.5
1243844013.5 0.4375 0.5
1243844016.03 0.46875 0.5
1243844017.69 0.6875 0.5
1243844019.47 0.34375 0.5
1243844020.59 0.34375 0.5
1243844021.91 0.46875 0.5
1243844023.5 0.4375 0.5
1243844025.72 0.71875 0.5
1243844027.72 0.65625 0.5
1243844031.81 0.625 0.5
1243844033.69 1.1875 0.5
1243844035.62 0.6875 0.5
1243844037.47 0.40625 0.5
1243844039.44 0.375 0.5
1243844040.94 0.375 0.5
1243844041.94 0.5 0.5
1243844043.47 0.40625 0.5
1243844044.41 0.46875 0.5
1243844046.0 0.375 0.5
1243844047.69 1.1875 0.5
1243844049.69 0.75 0.5
1243844051.47 0.90625 0.5
1243844053.47 0.46875 0.5
1243844055.72 0.71875 0.5
1243844057.5 0.875 0.5
1243844059.47 0.40625 0.5
1243844061.53 0.96875 0.5
1243844063.47 0.46875 0.5
1243844076.0 0.4375 0.5
1243844077.44 0.875 0.5
1243844079.38 0.5 0.5
1243844081.31 0.9375 0.5
1243844088.0 0.375 0.5
1243844089.41 0.46875 0.5
1243844090.47 0.34375 0.5
1243844091.91 0.46875 0.5
1243844093.53 0.46875 0.5
1243844099.59 0.65625 0.5
1243844103.66 0.65625 0.5
1243844105.75 0.6875 0.5
1243844108.5 1.4375 0.5
1243844110.91 0.34375 0.5
1243844111.94 0.5625 0.5
1243844113.44 0.375 0.5
1243844115.69 0.6875 0.5
1243844117.88 0.375 0.5
1243844119.31 0.5 0.5
1243844121.75 0.625 0.5
1243844123.44 0.375 0.5
1243844137.94 0.4375 0.5
1243844139.62 0.6875 0.5
1243844143.47 0.40625 0.5
1243844146.0 0.4375 0.5
1243844147.88 0.4375 0.5
1243844149.44 0.4375 0.5
1243844150.91 0.34375 0.5
1243844151.91 0.46875 0.5
1243844161.94 0.5 0.5
1243844163.47 0.53125 0.5
1243844165.31 1.1875 0.5
1243844167.5 0.4375 0.5
1243844169.69 0.6875 0.5
1243844171.5 1.0 0.5
1243844173.47 0.34375 0.5
1243844174.53 0.46875 0.5
1243844175.97 0.40625 0.5
1243844179.44 0.375 0.5
1243844183.44 0.375 0.5
1243844192.03 0.34375 0.5
1243844197.91 0.40625 0.5
1243844199.91 1.09375 0.5
1243851974.41 0.59375 0.5
1243865796.81 0.375 0.5
1243874005.34 0.34375 0.5
1243883508.78 0.34375 0.5
1243923412.72 0.34375 0.5
1243924146.28 0.34375 0.5
1243933109.03 0.34375 0.5
1243933597.66 0.34375 0.5
1243939262.84 0.15625 0.5
1243951533.12 0.375 0.5
1243953146.38 0.375 0.5
1243975904.53 0.46875 0.5
1243987869.91 0.34375 0.5
1244002734.53 0.34375 0.5
1244007599.5 0.375 0.5
1244042957.34 0.34375 0.5
1244059093.22 0.34375 0.5
1244076197.06 0.375 0.5
1244076206.91 0.09375 0.5
1244086238.03 0.34375 0.5
1244087559.78 0.34375 0.5
1244090945.34 0.34375 0.5
1244106790.47 0.34375 0.5
1244120426.59 0.34375 0.5
1244125087.03 0.34375 0.5
1244152000.91 0.34375 0.5
1244156480.91 0.34375 0.5
1244158759.28 0.34375 0.5
1244165760.34 0.34375 0.5
1244179621.84 0.34375 0.5
1244188351.53 0.34375 0.5
1244195155.34 0.34375 0.5
1244201753.72 0.34375 0.5
1244204071.81 0.625 0.5
1244205200.81 0.375 0.5
1244221705.44 0.5625 0.5
1244292023.66 0.34375 0.5
1244323709.41 0.40625 0.5
1244325163.41 0.59375 0.5
1244363050.09 0.34375 0.5
1244365361.41 0.34375 0.5
1244373146.81 0.375 0.5
1244377862.34 0.34375 0.5
1244380890.84 0.15625 0.5
1244414915.47 0.34375 0.5
1244417357.03 0.34375 0.5
1244419547.09 0.34375 0.5
1244476835.16 0.34375 0.5
1244477943.41 0.34375 0.5
1244481303.72 0.34375 0.5
1244492789.03 0.34375 0.5
1244496667.88 0.375 0.5
1244535269.03 0.34375 0.5
1244539737.47 0.34375 0.5
1244542525.59 0.34375 0.5
1244543353.78 0.34375 0.5
1244549813.59 0.34375 0.5
1244568733.12 0.375 0.5
1244568749.34 0.46875 0.5
1244595007.41 0.34375 0.5
1244610481.47 0.34375 0.5
1244624672.78 0.34375 0.5
1244635349.97 0.34375 0.5
1244640852.47 0.34375 0.5
1244649228.91 0.34375 0.5
1244672236.53 0.46875 0.5
1244700349.66 0.34375 0.5
1244736809.66 0.34375 0.5
1244744746.84 0.34375 0.5
1244757115.59 0.40625 0.5
1244765807.66 0.34375 0.5
1244766568.09 0.34375 0.5
1244768048.53 0.34375 0.5
1244770185.34 0.34375 0.5
1244787163.72 0.34375 0.5
1244789338.34 0.34375 0.5
1244789623.44 0.5625 0.5
1244817932.91 0.34375 0.5
1244824913.34 0.46875 0.5
1244830686.91 0.34375 0.5
1244843724.16 0.34375 0.5
1244888715.59 0.34375 0.5
1244900044.75 0.25 0.5
1244930952.53 0.46875 0.5
1244946999.47 0.34375 0.5
1244948184.84 0.34375 0.5
1244954955.22 0.34375 0.5
1244958211.41 0.59375 0.5
1245000700.53 0.46875 0.5
1245019007.53 0.46875 0.5
1245060094.97 0.34375 0.5
1245082611.41 0.40625 0.5
1245085596.44 0.5625 0.5
1245103510.22 0.34375 0.5
1245106903.97 0.34375 0.5
1245111020.69 0.375 0.5
1245113981.72 0.28125 0.5
1245130664.03 0.34375 0.5
1245131675.84 0.34375 0.5
1245141792.28 0.34375 0.5
1245144306.5 0.5 0.5
1245166887.59 0.34375 0.5
1245190843.72 0.34375 0.5
1245194320.94 0.375 0.5
1245197171.44 0.375 0.5
1245200095.84 0.34375 0.5
1245226889.59 0.53125 0.5
1245234895.0 0.375 0.5
1245237529.28 0.34375 0.5
1245242927.53 0.46875 0.5
1245254046.66 0.34375 0.5
1245272287.78 0.34375 0.5
1245276735.09 0.34375 0.5
1245279483.22 0.40625 0.5
1245288931.16 0.34375 0.5
1245292561.09 0.34375 0.5
1245297328.53 0.46875 0.5
1245332237.53 0.34375 0.5
1245339493.59 0.34375 0.5
1245340556.84 0.34375 0.5
1245351876.91 0.34375 0.5
1245352440.16 0.34375 0.5
1245356350.72 0.34375 0.5
1245358856.09 0.34375 0.5
1245367940.69 0.3125 0.5
1245408628.03 0.34375 0.5
1245409198.97 0.59375 0.5
1245411691.0 0.375 0.5
1245412801.22 0.34375 0.5
1245427624.94 0.375 0.5
1245440319.34 0.34375 0.5
1245443230.53 0.34375 0.5
1245451292.66 0.34375 0.5
1245459993.69 0.375 0.5
1245464001.47 0.34375 0.5
1245464002.22 0.34375 0.5
1245468296.47 0.34375 0.5
1245468779.41 0.34375 0.5
1245469616.03 0.34375 0.5
1245484260.47 0.34375 0.5
1245489281.56 0.4375 0.5
1245505149.16 0.34375 0.5
1245512909.75 0.25 0.5
1245551371.81 0.1875 0.5
1245571148.09 0.34375 0.5
1245583630.22 0.34375 0.5
1245590286.97 0.34375 0.5
1245591467.84 0.40625 0.5
1245603512.78 0.34375 0.5
1245604204.41 0.34375 0.5
1245608283.53 0.34375 0.5
1245612335.91 0.09375 0.5
1245629343.72 0.34375 0.5
1245633580.72 0.28125 0.5
1245649285.47 0.34375 0.5
1245650212.62 0.375 0.5
1245670532.53 0.34375 0.5
1245708631.69 0.3125 0.5
1245726886.56 0.4375 0.5
1245744323.75 0.375 0.5
1245747255.09 0.34375 0.5
1245760803.91 0.34375 0.5
1245768919.03 0.34375 0.5
1245774090.84 0.34375 0.5
1245805228.62 0.375 0.5
1245808248.72 0.28125 0.5
1245830143.59 0.34375 0.5
1245843355.22 0.59375 0.5
1245849885.03 0.34375 0.5
1245859843.03 0.40625 0.5
1245870889.66 0.34375 0.5
1245882124.03 0.34375 0.5
1245892476.78 0.34375 0.5
1245913068.16 0.34375 0.5
1245934826.59 0.34375 0.5
1245944382.88 0.375 0.5
1245948364.88 0.125 0.5
1245968795.91 0.34375 0.5
1245978190.0 0.5 0.5
1245994935.38 0.4375 0.5
1246002336.53 0.34375 0.5
1246016867.34 0.34375 0.5
1246018565.09 0.34375 0.5
1246024603.12 0.375 0.5
1246026464.16 0.34375 0.5
1246040077.28 0.34375 0.5
1246040118.69 0.3125 0.5
1246045451.34 0.34375 0.5
1246057435.41 0.46875 0.5
1246057889.88 0.375 0.5
1246057900.75 0.25 0.5
1246069249.81 0.1875 0.5
1246079486.28 0.34375 0.5
1246087303.66 0.34375 0.5
1246095906.28 0.34375 0.5
1246115901.53 0.46875 0.5
1246164820.5 0.5 0.5
1246177560.84 0.34375 0.5
1246178202.03 0.40625 0.5
1246200899.59 0.40625 0.5
1246211326.22 0.34375 0.5
1246220008.22 0.34375 0.5
1246249995.44 0.5625 0.5
1246275822.03 0.34375 0.5
1246292994.53 0.34375 0.5
1246297014.78 0.21875 0.5
1246311143.47 0.34375 0.5
1246316285.5 0.5 0.5
1246337523.91 0.34375 0.5
1246344952.69 0.375 0.5
1246345603.66 0.34375 0.5
1246360452.5 0.5 0.5
1246366648.38 0.5625 0.5
1246397215.78 0.34375 0.5
1246404870.34 0.40625 0.5
1246416667.34 0.34375 0.5
1246418574.84 0.15625 0.5
1246452643.84 0.34375 0.5
1246471438.53 0.34375 0.5
1246475032.78 0.34375 0.5
1246489418.84 0.34375 0.5
1246497095.97 0.34375 0.5
1246524691.78 0.34375 0.5
1246530979.97 0.34375 0.5
1246544331.19 0.375 0.5
1246550000.41 0.59375 0.5
1246566406.84 0.34375 0.5
1246574162.91 0.34375 0.5
1246578269.84 0.34375 0.5
1246590461.59 0.34375 0.5
1246600868.78 0.34375 0.5
1246604103.66 0.34375 0.5
1246611680.03 0.34375 0.5
1246612637.34 0.34375 0.5
1246651475.97 0.34375 0.5
1246654545.38 0.375 0.5
1246659654.78 0.21875 0.5
1246684148.28 0.34375 0.5
1246687927.22 0.34375 0.5
1246707066.03 0.34375 0.5
1246718228.72 0.34375 0.5
1246721555.78 0.34375 0.5
1246723142.62 0.375 0.5
1246744073.62 0.375 0.5
1246773740.97 0.34375 0.5
1246783932.16 0.34375 0.5
1246789674.41 0.34375 0.5
1246797912.28 0.34375 0.5
1246802664.28 0.34375 0.5
1246804605.03 0.34375 0.5
1246821017.91 0.34375 0.5
1246821379.53 0.34375 0.5
1246837451.88 0.375 0.5
1246844717.47 0.34375 0.5
1246846155.53 0.34375 0.5
1246850864.34 0.34375 0.5
1246857168.12 0.375 0.5
1246858982.09 0.34375 0.5
1246864794.59 0.34375 0.5
1246874986.91 0.34375 0.5
1246875618.5 0.5 0.5
1246879916.53 0.65625 0.5
1246903311.03 0.34375 0.5
1246906697.41 0.34375 0.5
1246911631.03 0.34375 0.5
1246921118.84 0.34375 0.5
1246927553.22 0.34375 0.5
1246930880.38 0.375 0.5
1246932793.78 0.34375 0.5
1246936148.59 0.34375 0.5
1246940092.31 0.375 0.5
1246942429.03 0.34375 0.5
1246944556.34 0.59375 0.5
1246956542.84 0.34375 0.5
1246960365.56 0.4375 0.5
1246982786.66 0.34375 0.5
1246997178.06 0.375 0.5
1247000515.97 0.40625 0.5
1247015901.78 0.34375 0.5
1247025119.91 0.34375 0.5
1247036492.84 0.34375 0.5
1247036506.5 0.4375 0.5
1247044086.97 0.34375 0.5
1247052481.53 0.34375 0.5
1247080240.78 0.34375 0.5
1247090617.22 0.34375 0.5
1247110391.97 0.34375 0.5
1247124261.91 0.34375 0.5
1247150543.72 0.34375 0.5
1247157890.34 0.34375 0.5
1247191121.28 0.34375 0.5
1247194633.34 0.34375 0.5
1247208192.03 0.34375 0.5
1247220532.91 0.34375 0.5
1247231555.53 0.46875 0.5
1247231566.66 0.34375 0.5
1247238627.72 0.28125 0.5
1247245117.03 0.34375 0.5
1247246079.28 0.34375 0.5
1247249730.72 0.71875 0.5
1247254197.62 0.375 0.5
1247259186.78 0.34375 0.5
1247260903.59 0.34375 0.5
1247263060.59 0.34375 0.5
1247268425.12 0.375 0.5
1247271014.03 0.34375 0.5
1247277029.06 0.375 0.5
1247283854.78 0.34375 0.5
1247289042.69 0.3125 0.5
1247303870.09 0.34375 0.5
1247309480.34 0.34375 0.5
1247319041.09 0.53125 0.5
1247319298.22 0.34375 0.5
1247324878.47 0.34375 0.5
1247326304.5 0.5 0.5
1247352236.44 0.5625 0.5
1247371433.0 0.375 0.5
1247374389.22 0.34375 0.5
1247379053.72 0.34375 0.5
1247380418.59 0.34375 0.5
1247382661.53 0.40625 0.5
1247382674.94 0.0625 0.5
1247393042.66 0.34375 0.5
1247394944.72 0.34375 0.5
1247411044.47 0.53125 0.5
1247433870.72 0.34375 0.5
1247450172.97 0.34375 0.5
1247452039.16 0.34375 0.5
1247487596.91 0.34375 0.5
1247488190.91 0.53125 0.5
1247488209.62 0.375 0.5
1247499072.09 0.34375 0.5
1247505928.56 0.4375 0.5
1247523504.09 0.53125 0.5
1247531449.28 0.71875 0.5
1247544481.28 0.34375 0.5
1247545257.28 0.34375 0.5
1247545420.97 0.34375 0.5
1247556267.47 0.46875 0.5
1247563538.16 0.34375 0.5
1247588245.03 0.34375 0.5
1247590033.66 0.46875 0.5
1247592579.97 0.34375 0.5
1247609937.66 0.34375 0.5
1247648005.81 0.375 0.5
1247653632.97 0.34375 0.5
1247653957.53 0.46875 0.5
1247664208.44 0.375 0.5
1247666252.97 0.34375 0.5
1247677293.22 0.40625 0.5
1247679893.78 0.34375 0.5
1247682298.47 0.34375 0.5
1247708272.28 0.34375 0.5
1247716271.81 0.375 0.5
1247733071.03 0.34375 0.5
1247746447.88 0.4375 0.5
1247748869.41 0.40625 0.5
1247753191.06 0.375 0.5
1247755991.78 0.34375 0.5
1247758731.62 0.375 0.5
1247772446.34 0.34375 0.5
1247772919.47 0.34375 0.5
1247775538.44 0.375 0.5
1247789520.53 0.46875 0.5
1247820053.16 0.46875 0.5
1247821520.47 0.34375 0.5
1247822329.59 0.34375 0.5
1247828888.47 0.34375 0.5
1247895458.12 0.375 0.5
1247895470.5 0.4375 0.5
1247915657.16 0.34375 0.5
1247917163.81 0.1875 0.5
1247929263.81 0.1875 0.5
1247970126.34 0.65625 0.5
1247975794.78 0.21875 0.5
1248112423.41 0.34375 0.5
1248121383.94 0.375 0.5
1248121396.88 0.125 0.5
1248137255.44 0.375 0.5
1248141467.91 0.34375 0.5
1248151494.91 0.34375 0.5
1248161334.81 0.375 0.5
1248165759.59 0.34375 0.5
1248166476.56 0.4375 0.5
1248187337.16 0.34375 0.5
1248188277.34 0.34375 0.5
1248190590.66 0.34375 0.5
1248207817.88 0.5 0.5
1248222437.84 0.15625 0.5
1248235938.78 0.34375 0.5
1248251012.72 0.34375 0.5
1248259691.94 0.375 0.5
1248260005.34 0.34375 0.5
1248293663.62 0.375 0.5
1248303453.78 0.34375 0.5
1248316230.78 0.34375 0.5
1248316284.25 0.375 0.5
1248316285.59 0.34375 0.5
1248316298.91 0.09375 0.5
1248340072.78 0.34375 0.5
1248347134.19 0.375 0.5
1248347148.72 0.28125 0.5
1248368551.88 0.5 0.5
1248370969.66 0.34375 0.5
1248385568.91 0.34375 0.5
1248402954.66 0.34375 0.5
1248403791.91 0.34375 0.5
1248428217.72 0.28125 0.5
1248438883.84 0.34375 0.5
1248441321.88 0.375 0.5
1248448294.72 0.34375 0.5
1248453421.16 0.34375 0.5
1248455994.78 0.21875 0.5
1248465662.34 0.34375 0.5
1248469309.72 0.28125 0.5
1248476080.66 0.34375 0.5
1248476384.53 0.34375 0.5
1248491905.06 0.375 0.5
1248500423.59 0.40625 0.5
1248508596.97 0.34375 0.5
1248525606.44 0.375 0.5
1248528374.72 0.34375 0.5
1248539106.66 0.34375 0.5
1248539117.47 0.53125 0.5
1248565675.44 0.5625 0.5
1248600940.78 0.34375 0.5
1248609553.03 0.34375 0.5
1248611702.12 0.375 0.5
1248611703.34 0.34375 0.5
1248617919.22 0.34375 0.5
1248620214.66 0.34375 0.5
1248621978.66 0.34375 0.5
1248690589.41 0.34375 0.5
1248710618.62 0.375 0.5
1248711430.41 0.34375 0.5
1248720750.91 0.09375 0.5
1248755458.03 0.34375 0.5
1248757036.12 0.4375 0.5
1248763639.22 0.34375 0.5
1248775740.34 0.34375 0.5
1248775750.81 0.1875 0.5
1248801662.41 0.34375 0.5
1248815138.84 0.34375 0.5
1248843170.28 0.34375 0.5
1248847081.34 0.34375 0.5
1248849149.16 0.34375 0.5
1248868675.91 0.09375 0.5
1248923907.66 0.34375 0.5
1248929002.09 0.34375 0.5
1248939055.62 0.375 0.5
1248945197.69 0.6875 0.5
1248950085.62 0.375 0.5
1248963290.72 0.34375 0.5
1248971097.16 0.34375 0.5
1248974716.66 0.34375 0.5
1248979956.16 0.34375 0.5
1248982940.34 0.34375 0.5
1248984317.78 0.34375 0.5
1248992100.12 0.375 0.5
1248999130.78 0.34375 0.5
1249003945.91 0.34375 0.5
1249020718.03 0.34375 0.5
1249025153.91 0.34375 0.5
1249026116.84 0.34375 0.5
1249035635.25 0.375 0.5
1249066465.72 0.34375 0.5
1249099829.09 0.34375 0.5
1249101029.88 0.125 0.5
1249138295.44 0.375 0.5
1249168103.53 0.34375 0.5
1249182582.16 0.34375 0.5
1249184508.81 0.375 0.5
1249184527.69 0.3125 0.5
1249201427.66 0.34375 0.5
1249205578.16 0.34375 0.5
1249214379.31 0.4375 0.5
1249215325.59 0.46875 0.5
1249216905.97 0.34375 0.5
1249240043.88 0.4375 0.5
1249242613.69 0.3125 0.5
1249251819.62 0.375 0.5
1249268308.44 0.375 0.5
1249273147.38 0.375 0.5
1249290509.88 0.125 0.5
1249320194.09 0.34375 0.5
1249342341.97 0.34375 0.5
1249346819.12 0.5625 0.5
1249351511.53 0.34375 0.5
1249443287.34 0.34375 0.5
1249444427.72 0.34375 0.5
1249444976.5 0.5625 0.5
1249449544.78 0.34375 0.5
1249470922.84 0.34375 0.5
1249486297.97 0.46875 0.5
1249525890.09 0.34375 0.5
1249529444.5 0.5 0.5
1249545930.66 0.34375 0.5
1249560217.28 0.34375 0.5
1249572009.47 0.34375 0.5
1249583915.41 0.34375 0.5
1249595044.09 0.34375 0.5
1249623656.03 0.34375 0.5
1249663674.97 0.34375 0.5
1249665635.47 0.34375 0.5
1249669165.34 0.34375 0.5
1249669689.16 0.34375 0.5
1249679799.78 0.34375 0.5
1249703428.62 0.375 0.5
1249724617.69 0.375 0.5
1249744680.66 0.34375 0.5
1249800035.78 0.34375 0.5
1249838886.97 0.34375 0.5
1249842718.25 0.375 0.5
1249854690.5 0.5 0.5
1249872958.96875 0.34375 0.5
1249881721.59375 0.40625 0.5
1250020747.65625 0.34375 0.5
1250034677.09375 0.34375 0.5
1250040706.09375 0.34375 0.5
1250040888.09375 0.34375 0.5
1250057294.53125 0.34375 0.5
1250059192.71875 0.65625 0.5
1250064027.28125 0.34375 0.5
1250067800.03125 0.34375 0.5
1250069561.09375 0.34375 0.5
1250070796.71875 0.34375 0.5
1250073280.21875 0.34375 0.5
1250074680.40625 0.34375 0.5
1250102571.15625 0.34375 0.5
1250119118.78125 0.34375 0.5
1250125356.46875 0.53125 0.5
1250154603.375 0.375 0.5
1250175227.90625 0.34375 0.5
1250181866.90625 0.34375 0.5
1250187414.40625 0.40625 0.5
1250188784.8125 0.1875 0.5
1250198527.09375 0.34375 0.5
1250213629.78125 0.34375 0.5
1250219080.53125 0.40625 0.5
1250219090.40625 0.46875 0.5
1250230911.09375 0.34375 0.5
1250269404.875 0.375 0.5
1250279755.15625 0.34375 0.5
1250313662.65625 0.34375 0.5
1250319617.25 0.375 0.5
1250330910.84375 0.34375 0.5
1250331487.90625 0.34375 0.5
1250334381.84375 0.34375 0.5
1250348787.4375 0.5625 0.5
1250348796.5625 0.4375 0.5
1250407417.8125 0.5 0.5
1250407426.8125 0.1875 0.5
1250424063.03125 0.34375 0.5
1250438384.84375 0.34375 0.5
1250447956.0625 0.375 0.5
1250452445.78125 0.34375 0.5
1250479089.65625 0.34375 0.5
1250481503.84375 0.34375 0.5
1250493079.4375 0.375 0.5
1250497596.03125 0.34375 0.5
1250505250.21875 0.34375 0.5
1250507065.71875 0.34375 0.5
1250512372.84375 0.34375 0.5
1250522132.09375 0.34375 0.5
1250522225.65625 0.34375 0.5
1250523300.53125 0.34375 0.5
1250527685.6875 0.3125 0.5
1250540015.21875 0.34375 0.5
1250542589.46875 0.53125 0.5
1250562983.65625 0.34375 0.5
1250570923.40625 0.34375 0.5
1250571334.65625 0.34375 0.5
1250589829.84375 0.34375 0.5
1250598889.53125 0.34375 0.5
1250618773.96875 0.34375 0.5
1250628518.6875 0.3125 0.5
1250643049.71875 0.34375 0.5
1250661449.03125 0.34375 0.5
1250665277.8125 0.4375 0.5
1250665604.5625 0.375 0.5
1250665618.65625 0.34375 0.5
1250679848.09375 0.34375 0.5
1250680267.125 0.375 0.5
1250693387.8125 0.375 0.5
1250702155.03125 0.34375 0.5
1250708799.65625 0.34375 0.5
1250727570.84375 0.53125 0.5
1250733716.28125 0.34375 0.5
1250735499.3125 0.375 0.5
1250736213.78125 0.21875 0.5
1250748097.78125 0.34375 0.5
1250752281.21875 0.34375 0.5
1250779917.40625 0.34375 0.5
1250790003.6875 0.3125 0.5
1250803596.84375 0.34375 0.5
1250803929.59375 0.34375 0.5
1250811450.40625 0.34375 0.5
1250824963.53125 0.34375 0.5
1250841879.90625 0.34375 0.5
1250848652.21875 0.34375 0.5
1250872922.96875 0.34375 0.5
1250875958.03125 0.34375 0.5
1250895631.40625 0.34375 0.5
1250900213.3125 0.375 0.5
1250907329.375 0.375 0.5
1250907342.28125 0.40625 0.5
1250918941.875 0.375 0.5
1250919839.65625 0.34375 0.5
1250920056.96875 0.46875 0.5
1250943164.46875 0.34375 0.5
1250951950.5 0.5 0.5
1250982166.15625 0.34375 0.5
1251006164.96875 0.34375 0.5
1251021789.28125 0.34375 0.5
1251043578.65625 0.34375 0.5
1251073747.53125 0.34375 0.5
1251105210.5625 0.4375 0.5
1251113075.34375 0.34375 0.5
1251120301.53125 0.34375 0.5
1251122888.40625 0.34375 0.5
1251124257.90625 0.34375 0.5
1251126597.5625 0.4375 0.5
1251182439.28125 0.34375 0.5
1251182440.28125 0.34375 0.5
1251190091.40625 0.34375 0.5
1251238785.03125 0.34375 0.5
1251244111.78125 0.34375 0.5
1251250909.5625 0.375 0.5
1251276306.5 0.5 0.5
1251318133.8125 0.375 0.5
1251318988.03125 0.34375 0.5
1251324695.96875 0.34375 0.5
1251334475.53125 0.34375 0.5
1251342184.40625 0.34375 0.5
1251358042.28125 0.34375 0.5
1251368852.96875 0.34375 0.5
1251375247.90625 0.34375 0.5
1251375262.78125 0.21875 0.5
1251388103.96875 0.34375 0.5
1251389770.59375 0.40625 0.5
1251404363.6875 0.3125 0.5
1251425889.96875 0.34375 0.5
1251429550.34375 0.34375 0.5
1251429561.84375 0.15625 0.5
1251448844.03125 0.34375 0.5
1251459426.34375 0.34375 0.5
1251463930.09375 0.34375 0.5
1251465023.9375 0.375 0.5
1251465034.5 0.5 0.5
1251481650.09375 0.34375 0.5
1251510778.65625 0.34375 0.5
1251510795.75 0.25 0.5
1251535311.09375 0.34375 0.5
1251539015.28125 0.34375 0.5
1251541079.375 0.625 0.5
1251554612.71875 0.34375 0.5
1251561638.5 0.5 0.5
1251589244.71875 0.34375 0.5
1251597773.40625 0.34375 0.5
1251605032.28125 0.34375 0.5
1251611897.96875 0.34375 0.5
1251618397.53125 0.34375 0.5
1251628512.9375 0.375 0.5
1251632078.84375 0.34375 0.5
1251635331.6875 0.3125 0.5
1251678205.28125 0.34375 0.5
1251680273.96875 0.34375 0.5
1251683288.65625 0.34375 0.5
1251688758.78125 0.34375 0.5
1251692925.40625 0.34375 0.5
1251693858.90625 0.34375 0.5
1251699750.96875 0.34375 0.5
1251710175.40625 0.34375 0.5
1251721624.90625 0.34375 0.5
1251731140.6875 0.3125 0.5
1251753902.5 0.375 0.5
1251772351.96875 0.34375 0.5
1251781170.15625 0.34375 0.5
1251804546.21875 0.65625 0.5
1251804563.8125 0.1875 0.5
1251856771.5625 0.375 0.5
1251866456.71875 0.34375 0.5
1251871909.84375 0.34375 0.5
1251879692.21875 0.34375 0.5
1251882277.71875 0.34375 0.5
1251894454.3125 0.375 0.5
1251895859.15625 0.34375 0.5
1251900986.65625 0.34375 0.5
1251907870.0 0.375 0.5
1251907871.40625 0.34375 0.5
1251907881.8125 0.1875 0.5
1251923002.46875 0.34375 0.5
1251924367.46875 0.34375 0.5
1251927530.40625 0.34375 0.5
1251931888.34375 0.34375 0.5
1251956415.09375 0.34375 0.5
1251963833.59375 0.40625 0.5
1251977508.09375 0.34375 0.5
1252004410.53125 0.34375 0.5
1252020539.96875 0.34375 0.5
1252036924.28125 0.34375 0.5
1252038024.9375 0.375 0.5
1252038034.625 0.375 0.5
1252053031.28125 0.34375 0.5
1252053908.15625 0.34375 0.5
1252056953.125 0.375 0.5
1252059180.6875 0.5625 0.5
1252060234.53125 0.34375 0.5
1252073515.5625 0.375 0.5
1252075400.0625 0.375 0.5
1252078236.59375 0.34375 0.5
1252088729.46875 0.34375 0.5
1252122259.65625 0.34375 0.5
1252125527.6875 0.375 0.5
1252125564.40625 0.53125 0.5
1252167369.71875 0.28125 0.5
1252211575.5625 0.4375 0.5
1252224420.40625 0.59375 0.5
1252274396.21875 0.34375 0.5
1252289421.96875 0.34375 0.5
1252289439.75 0.25 0.5
1252322172.5625 0.375 0.5
1252329787.15625 0.34375 0.5
1252337629.15625 0.34375 0.5
1252343023.0625 0.375 0.5
1252384985.40625 0.34375 0.5
1252392541.1875 0.375 0.5
1252395215.46875 0.34375 0.5
1252411956.5625 0.4375 0.5
1252427675.28125 0.34375 0.5
1252437243.65625 0.34375 0.5
1252438151.75 0.375 0.5
1252443469.71875 0.28125 0.5
1252471738.46875 0.34375 0.5
1252483551.78125 0.40625 0.5
1252489163.1875 0.375 0.5
1252498886.34375 0.34375 0.5
1252501401.15625 0.34375 0.5
1252514281.03125 0.34375 0.5
1252538800.84375 0.34375 0.5
1252554278.21875 0.34375 0.5
1252556456.09375 0.34375 0.5
1252556457.40625 0.59375 0.5
1252575424.78125 0.34375 0.5
1252588225.09375 0.34375 0.5
1252597500.96875 0.34375 0.5
1252597987.21875 0.34375 0.5
1252601625.78125 0.34375 0.5
1252602602.46875 0.34375 0.5
1252603394.625 0.375 0.5
1252622737.40625 0.34375 0.5
1252631553.03125 0.34375 0.5
1252655481.21875 0.34375 0.5
1252660460.8125 0.1875 0.5
1252676807.59375 0.34375 0.5
1252685919.15625 0.34375 0.5
1252720398.84375 0.34375 0.5
1252720729.8125 0.375 0.5
1252731138.34375 0.34375 0.5
1252733853.40625 0.59375 0.5
1252742258.875 0.375 0.5
1252765743.375 0.5625 0.5
1252802433.65625 0.34375 0.5
1252802448.8125 0.375 0.5
1252802449.71875 0.28125 0.5
1252816068.40625 0.53125 0.5
1252835731.03125 0.34375 0.5
1252858912.6875 0.3125 0.5
1252877200.71875 0.34375 0.5
1252878963.15625 0.34375 0.5
1252884716.71875 0.34375 0.5
1252890511.46875 0.53125 0.5
1252909885.28125 0.34375 0.5
1252923406.71875 0.34375 0.5
