4.384516
4.4060545
4.432866
4.455177
4.4797387
4.503789
4.5300536
4.5555663
4.5830235
4.6090455
4.6365314
4.6670794
4.694178
4.7210007
4.74971
4.778925
4.8135424
4.84443
4.8738656
4.9063087
4.9390373
4.9718204
5.009954
5.046415
5.0824375
5.1191273
5.155254
5.1915956
5.2292237
5.270495
5.3100824
5.3496785
5.392675
5.435604
5.477475
5.5230126
5.5723786
5.6165047
5.668722
5.7159724
5.769846
5.8166537
5.871863
5.9246325
5.9799
6.039435
6.0979137
6.1622486
6.2271895
6.2877703
6.355356
6.424799
6.492226
6.5635295
6.64088
6.717083
6.792482
6.8763785
6.9591966
7.052405
7.1466703
7.239203
7.3263187
7.428357
7.5435066
7.6537566
7.7726617
7.898538
8.012536
8.147549
8.28802
8.441626
8.596232
8.766714
8.934639
9.114617
9.32685
9.5264635
9.754892
10.017184
10.282018
10.527016
10.826365
11.111484
11.410926
11.6938925
12.037856
12.341892
12.679039
13.121508
13.585855
14.054679
14.636559
15.36216
16.290863
17.400812
18.899261
20.825094
24.028574
